126
0 2 5 10 11 15 20 22 24 26 28 29 30 32 33 34 37 38 39 41 43 49 50 52 54 58 59 60 64 67 70 74 75 76 78 80 82 84 85 86 87 88 90 91 93 96 98 100 102 103 104 105 106 108 112 115 116 118 120 124 125 126 128 130 132 134 136 138 141 143 144 147 150 153 154 156 158 162 164 166 169 170 172 173 174 176 178 180 181 182 183 184 186 188 190 193 194 195 197 198 199 200 201 207 208 212 213 214 215 216 219 220 223 225 227 228 229 232 234 236 243 245 246 251 252 255 
122
0 1 2 3 4 5 6 8 12 14 17 20 22 26 28 30 31 32 33 34 35 40 42 48 50 51 55 56 58 61 65 66 68 70 71 73 76 78 79 84 88 90 91 94 96 98 101 104 106 109 112 113 114 115 116 118 119 121 122 124 126 127 132 134 136 137 138 141 142 143 145 146 148 150 152 154 155 157 158 160 162 164 166 167 168 171 173 174 176 177 178 179 180 188 192 195 198 199 201 203 205 208 210 214 216 220 224 226 229 231 232 237 238 239 240 242 243 249 251 252 253 254 
114
0 1 4 6 8 10 16 18 19 22 24 27 32 36 39 41 42 44 46 47 49 50 52 54 56 58 65 66 67 69 70 72 75 77 80 82 84 87 95 97 98 100 103 105 106 108 110 112 113 114 115 116 118 121 123 125 127 131 132 133 134 135 136 138 143 146 148 149 152 155 157 159 161 163 164 166 168 169 171 174 176 183 185 187 190 191 192 195 196 197 198 199 200 203 205 208 213 214 216 218 220 221 224 225 228 229 232 235 240 241 243 245 254 255 
111
0 1 4 7 9 11 13 15 16 18 21 24 27 29 30 31 34 40 44 46 51 57 58 59 62 67 72 74 79 81 83 85 86 87 89 90 91 100 102 104 109 111 112 113 114 115 118 119 125 126 128 131 135 138 139 140 143 145 146 147 148 149 151 154 156 159 161 162 163 171 172 173 174 177 179 182 184 185 187 189 190 191 193 194 195 198 200 202 205 207 210 212 216 217 219 224 227 230 235 236 237 239 243 244 245 247 248 249 250 252 253 
6
0 4 6 16 20 26 
