00000000000000000000000000000001
11111111000000011111111100000000
00000000000000000000000000000000
00000000000000000000000000000000
00000000000000000000000000000001
11111111000000011111111100000000
00000000000000000000000100000000
00000000000000000000000000000000
00000000000000000000000000000001
11111111000000011111111100000000
00000000000000000000001000000000
00000000000000000000000000000000
00000000000000000000000000000001
11111111000000011111111100000000
00000000000000000000001100000000
00000000000000000000000000000000
00000000000000000000000000000001
11111111000000011111111100000000
00000000000000000000010000000000
00000000000000000000000000000000
00000000000000000000000000000001
11111111000000011111111100000000
00000000000000000000010100000000
00000000000000000000000000000000
00000000000000000000000000000001
11111111000000011111111100000000
00000000000000000000011000000000
00000000000000000000000000000000
00000000000000000000000000000001
11111111000000011111111100000000
00000000000000000000011100000000
00000000000000000000000000000000
00000000000000000000000000000000
00000000000000000000000000000000
00000001000000000000000000000000
00000000000000000000000000000000
00000000000000000000000000000000
00000000000000000000000000000000
00000001000000000000000000000000
00000000000000000000000000000000
00000000000000000000000000000000
00000000000000000000000000000000
00000001000000000000000000000000
00000000000000000000000000000000
00000000000000000000000000000000
00000000000000000000000000000000
00000001000000000000000000000000
00000000000000000000000000000000
00000000000000000000000000000000
00000000000000000000000000000000
00000001000000000000000000000000
00000000000000000000000000000000
00000000000000000000000000000000
00000000000000000000000000000000
00000001000000000000000000000000
00000000000000000000000000000000
00000000000000000000000000000000
00000000000000000000000000000000
00000001000000000000000000000000
00000000000000000000000000000000
00000000000000000000000000000000
00000000000000000000000000000000
00000001000000000000000000000000
00000000000000000000000000000000
00000000000000000000000000000000
00000000000000000000000000000000
00000001000000000000000000000000
00000000000000000000000000000000
00000000000000000000000000000000
00000000000000000000000000000000
00000001000000000000000000000000
00000000000000000000000000000000
00000000000000000000000000000000
00000000000000000000000000000000
00000001000000000000000000000000
00000000000000000000000000000000
00000000000000000000000000000000
00000000000000000000000000000000
00000001000000000000000000000000
00000000000000000000000000000000
00000000000000000000000000000000
00000000000000000000000000000000
00000001000000000000000000000000
00000000000000000000000000000000
00000000000000000000000000000000
00000000000000000000000000000000
00000001000000000000000000000000
00000000000000000000000000000000
00000000000000000000000000000000
00000000000000000000000000000000
00000001000000000000000000000000
00000000000000000000000000000000
00000000000000000000000000000000
00000000000000000000000000000000
00000001000000000000000000000000
00000000000000000000000000000000
00000000000000000000000000000000
00000000000000000000000000000000
00000001000000000000000000000000
00000000000000000000000000000000
00000000000000000000000000000000
00000000000000000000000000000000
00000001000000000000000000000000
00000000000000000000000000000000
00000000000000000000000000000000
00000000000000000000000000000000
00000001000000000000000000000000
00000000000000000000000000000000
00000000000000000000000000000000
00000000000000000000000000000000
00000001000000000000000000000000
00000000000000000000000000000000
00000000000000000000000000000000
00000000000000000000000000000000
00000001000000000000000000000000
00000000000000000000000000000000
00000000000000000000000000000000
00000000000000000000000000000000
00000001000000000000000000000000
00000000000000000000000000000000
00000000000000000000000000000000
00000000000000000000000000000000
00000001000000000000000000000000
00000000000000000000000000000000
00000000000000000000000000000000
00000000000000000000000000000000
00000001000000000000000000000000
00000000000000000000000000000000
00000000000000000000000000000001
11111111000000011111111100000000
00000000000000000100000000000000
00000000000000000000000000000000
00000000000000000000000000000001
11111111000000011111111100000000
00000000000000000100000100000000
00000000000000000000000000000000
00000000000000000000000000000001
11111111000000011111111100000000
00000000000000000100001000000000
00000000000000000000000000000000
00000000000000000000000000000001
11111111000000011111111100000000
00000000000000000100001100000000
00000000000000000000000000000000
00000000000000000000000000000001
11111111000000011111111100000000
00000000000000000100010000000000
00000000000000000000000000000000
00000000000000000000000000000001
11111111000000011111111100000000
00000000000000000100010100000000
00000000000000000000000000000000
00000000000000000000000000000001
11111111000000011111111100000000
00000000000000000100011000000000
00000000000000000000000000000000
00000000000000000000000000000001
11111111000000011111111100000000
00000000000000000100011100000000
00000000000000000000000000000000
00000000000000000000000000000000
00000000000000000000000000000000
00000001000000000000000000000000
00000000000000000000000000000000
00000000000000000000000000000000
00000000000000000000000000000000
00000001000000000000000000000000
00000000000000000000000000000000
00000000000000000000000000000000
00000000000000000000000000000000
00000001000000000000000000000000
00000000000000000000000000000000
00000000000000000000000000000000
00000000000000000000000000000000
00000001000000000000000000000000
00000000000000000000000000000000
00000000000000000000000000000000
00000000000000000000000000000000
00000001000000000000000000000000
00000000000000000000000000000000
00000000000000000000000000000000
00000000000000000000000000000000
00000001000000000000000000000000
00000000000000000000000000000000
00000000000000000000000000000000
00000000000000000000000000000000
00000001000000000000000000000000
00000000000000000000000000000000
00000000000000000000000000000000
00000000000000000000000000000000
00000001000000000000000000000000
00000000000000000000000000000000
00000000000000000000000000000000
00000000000000000000000000000000
00000001000000000000000000000000
00000000000000000000000000000000
00000000000000000000000000000000
00000000000000000000000000000000
00000001000000000000000000000000
00000000000000000000000000000000
00000000000000000000000000000000
00000000000000000000000000000000
00000001000000000000000000000000
00000000000000000000000000000000
00000000000000000000000000000000
00000000000000000000000000000000
00000001000000000000000000000000
00000000000000000000000000000000
00000000000000000000000000000000
00000000000000000000000000000000
00000001000000000000000000000000
00000000000000000000000000000000
00000000000000000000000000000000
00000000000000000000000000000000
00000001000000000000000000000000
00000000000000000000000000000000
00000000000000000000000000000000
00000000000000000000000000000000
00000001000000000000000000000000
00000000000000000000000000000000
00000000000000000000000000000000
00000000000000000000000000000000
00000001000000000000000000000000
00000000000000000000000000000000
00000000000000000000000000000000
00000000000000000000000000000000
00000001000000000000000000000000
00000000000000000000000000000000
00000000000000000000000000000000
00000000000000000000000000000000
00000001000000000000000000000000
00000000000000000000000000000000
00000000000000000000000000000000
00000000000000000000000000000000
00000001000000000000000000000000
00000000000000000000000000000000
00000000000000000000000000000000
00000000000000000000000000000000
00000001000000000000000000000000
00000000000000000000000000000000
00000000000000000000000000000000
00000000000000000000000000000000
00000001000000000000000000000000
00000000000000000000000000000000
00000000000000000000000000000000
00000000000000000000000000000000
00000001000000000000000000000000
00000000000000000000000000000000
00000000000000000000000000000000
00000000000000000000000000000000
00000001000000000000000000000000
00000000000000000000000000000000
00000000000000000000000000000000
00000000000000000000000000000000
00000001000000000000000000000000
00000000000000000000000000000000
00000000000000000000000000000001
11111111000000011111111100000000
00000000000000000100100000000000
00000000000000000000000000000000
00000000000000000000000000000001
11111111000000011111111100000000
00000000000000000100100100000000
00000000000000000000000000000000
00000000000000000000000000000001
11111111000000011111111100000000
00000000000000000100101000000000
00000000000000000000000000000000
00000000000000000000000000000001
11111111000000011111111100000000
00000000000000000100101100000000
00000000000000000000000000000000
00000000000000000000000000000001
11111111000000011111111100000000
00000000000000000100110000000000
00000000000000000000000000000000
00000000000000000000000000000001
11111111000000011111111100000000
00000000000000000100110100000000
00000000000000000000000000000000
00000000000000000000000000000001
11111111000000011111111100000000
00000000000000000100111000000000
00000000000000000000000000000000
00000000000000000000000000000001
11111111000000011111111100000000
00000000000000000100111100000000
00000000000000000000000000000000
00000000000000000000000000000000
00000000000000000000000000000000
00000001000000000000000000000000
00000000000000000000000000000000
00000000000000000000000000000000
00000000000000000000000000000000
00000001000000000000000000000000
00000000000000000000000000000000
00000000000000000000000000000000
00000000000000000000000000000000
00000001000000000000000000000000
00000000000000000000000000000000
00000000000000000000000000000000
00000000000000000000000000000000
00000001000000000000000000000000
00000000000000000000000000000000
00000000000000000000000000000000
00000000000000000000000000000000
00000001000000000000000000000000
00000000000000000000000000000000
00000000000000000000000000000000
00000000000000000000000000000000
00000001000000000000000000000000
00000000000000000000000000000000
00000000000000000000000000000000
00000000000000000000000000000000
00000001000000000000000000000000
00000000000000000000000000000000
00000000000000000000000000000000
00000000000000000000000000000000
00000001000000000000000000000000
00000000000000000000000000000000
00000000000000000000000000000000
00000000000000000000000000000000
00000001000000000000000000000000
00000000000000000000000000000000
00000000000000000000000000000000
00000000000000000000000000000000
00000001000000000000000000000000
00000000000000000000000000000000
00000000000000000000000000000000
00000000000000000000000000000000
00000001000000000000000000000000
00000000000000000000000000000000
00000000000000000000000000000000
00000000000000000000000000000000
00000001000000000000000000000000
00000000000000000000000000000000
00000000000000000000000000000000
00000000000000000000000000000000
00000001000000000000000000000000
00000000000000000000000000000000
00000000000000000000000000000000
00000000000000000000000000000000
00000001000000000000000000000000
00000000000000000000000000000000
00000000000000000000000000000000
00000000000000000000000000000000
00000001000000000000000000000000
00000000000000000000000000000000
00000000000000000000000000000000
00000000000000000000000000000000
00000001000000000000000000000000
00000000000000000000000000000000
00000000000000000000000000000000
00000000000000000000000000000000
00000001000000000000000000000000
00000000000000000000000000000000
00000000000000000000000000000000
00000000000000000000000000000000
00000001000000000000000000000000
00000000000000000000000000000000
00000000000000000000000000000000
00000000000000000000000000000000
00000001000000000000000000000000
00000000000000000000000000000000
00000000000000000000000000000000
00000000000000000000000000000000
00000001000000000000000000000000
00000000000000000000000000000000
00000000000000000000000000000000
00000000000000000000000000000000
00000001000000000000000000000000
00000000000000000000000000000000
00000000000000000000000000000000
00000000000000000000000000000000
00000001000000000000000000000000
00000000000000000000000000000000
00000000000000000000000000000000
00000000000000000000000000000000
00000001000000000000000000000000
00000000000000000000000000000000
00000000000000000000000000000000
00000000000000000000000000000000
00000001000000000000000000000000
00000000000000000000000000000000
00000000000000000000000000000001
11111111000000011111111100000000
00000000000000000101000000000000
00000000000000000000000000000000
00000000000000000000000000000001
11111111000000011111111100000000
00000000000000000101000100000000
00000000000000000000000000000000
00000000000000000000000000000001
11111111000000011111111100000000
00000000000000000101001000000000
00000000000000000000000000000000
00000000000000000000000000000001
11111111000000011111111100000000
00000000000000000101001100000000
00000000000000000000000000000000
00000000000000000000000000000001
11111111000000011111111100000000
00000000000000000101010000000000
00000000000000000000000000000000
00000000000000000000000000000001
11111111000000011111111100000000
00000000000000000101010100000000
00000000000000000000000000000000
00000000000000000000000000000001
11111111000000011111111100000000
00000000000000000101011000000000
00000000000000000000000000000000
00000000000000000000000000000001
11111111000000011111111100000000
00000000000000000101011100000000
00000000000000000000000000000000
00000000000000000000000000000000
00000000000000000000000000000000
00000001000000000000000000000000
00000000000000000000000000000000
00000000000000000000000000000000
00000000000000000000000000000000
00000001000000000000000000000000
00000000000000000000000000000000
00000000000000000000000000000000
00000000000000000000000000000000
00000001000000000000000000000000
00000000000000000000000000000000
00000000000000000000000000000000
00000000000000000000000000000000
00000001000000000000000000000000
00000000000000000000000000000000
00000000000000000000000000000000
00000000000000000000000000000000
00000001000000000000000000000000
00000000000000000000000000000000
00000000000000000000000000000000
00000000000000000000000000000000
00000001000000000000000000000000
00000000000000000000000000000000
00000000000000000000000000000000
00000000000000000000000000000000
00000001000000000000000000000000
00000000000000000000000000000000
00000000000000000000000000000000
00000000000000000000000000000000
00000001000000000000000000000000
00000000000000000000000000000000
00000000000000000000000000000000
00000000000000000000000000000000
00000001000000000000000000000000
00000000000000000000000000000000
00000000000000000000000000000000
00000000000000000000000000000000
00000001000000000000000000000000
00000000000000000000000000000000
00000000000000000000000000000000
00000000000000000000000000000000
00000001000000000000000000000000
00000000000000000000000000000000
00000000000000000000000000000000
00000000000000000000000000000000
00000001000000000000000000000000
00000000000000000000000000000000
00000000000000000000000000000000
00000000000000000000000000000000
00000001000000000000000000000000
00000000000000000000000000000000
00000000000000000000000000000000
00000000000000000000000000000000
00000001000000000000000000000000
00000000000000000000000000000000
00000000000000000000000000000000
00000000000000000000000000000000
00000001000000000000000000000000
00000000000000000000000000000000
00000000000000000000000000000000
00000000000000000000000000000000
00000001000000000000000000000000
00000000000000000000000000000000
00000000000000000000000000000000
00000000000000000000000000000000
00000001000000000000000000000000
00000000000000000000000000000000
00000000000000000000000000000000
00000000000000000000000000000000
00000001000000000000000000000000
00000000000000000000000000000000
00000000000000000000000000000000
00000000000000000000000000000000
00000001000000000000000000000000
00000000000000000000000000000000
00000000000000000000000000000000
00000000000000000000000000000000
00000001000000000000000000000000
00000000000000000000000000000000
00000000000000000000000000000000
00000000000000000000000000000000
00000001000000000000000000000000
00000000000000000000000000000000
00000000000000000000000000000000
00000000000000000000000000000000
00000001000000000000000000000000
00000000000000000000000000000000
00000000000000000000000000000000
00000000000000000000000000000000
00000001000000000000000000000000
00000000000000000000000000000000
00000000000000000000000000000000
00000000000000000000000000000000
00000001000000000000000000000000
00000000000000000000000000000000
00000000000000000000000000000001
11111111000000011111111100000000
00000000000000000101100000000000
00000000000000000000000000000000
00000000000000000000000000000001
11111111000000011111111100000000
00000000000000000101100100000000
00000000000000000000000000000000
00000000000000000000000000000001
11111111000000011111111100000000
00000000000000000101101000000000
00000000000000000000000000000000
00000000000000000000000000000001
11111111000000011111111100000000
00000000000000000101101100000000
00000000000000000000000000000000
00000000000000000000000000000001
11111111000000011111111100000000
00000000000000000101110000000000
00000000000000000000000000000000
00000000000000000000000000000001
11111111000000011111111100000000
00000000000000000101110100000000
00000000000000000000000000000000
00000000000000000000000000000001
11111111000000011111111100000000
00000000000000000101111000000000
00000000000000000000000000000000
00000000000000000000000000000001
11111111000000011111111100000000
00000000000000000101111100000000
00000000000000000000000000000000
00000000000000000000000000000001
11111111000000011111111100000000
00000000000000000110000000000000
00000000000000000000000000000000
00000000000000000000000000000001
11111111000000011111111100000000
00000000000000000000000000000000
00000000000000000000000000000000
00000000000000000000000000000001
11111111000000011111111100000000
00000000000000000000000100000000
00000000000000000000000000000000
00000000000000000000000000000001
11111111000000011111111100000000
00000000000000000000001000000000
00000000000000000000000000000000
00000000000000000000000000000001
11111111000000011111111100000000
00000000000000000000001100000000
00000000000000000000000000000000
00000000000000000000000000000001
11111111000000011111111100000000
00000000000000000000010000000000
00000000000000000000000000000000
00000000000000000000000000000001
11111111000000011111111100000000
00000000000000000000010100000000
00000000000000000000000000000000
00000000000000000000000000000001
11111111000000011111111100000000
00000000000000000000011000000000
00000000000000000000000000000000
00000000000000000000000000000001
11111111000000011111111100000000
00000000000000000000011100000000
00000000000000000000000000000000
00000000000000000000000000000001
11111111000000011111111100000000
00000000000000000000100000000000
00000000000000000000000000000000
00000000000000000000000000000001
11111111000000011111111100000000
00000000000000000000100100000000
00000000000000000000000000000000
00000000000000000000000000000001
11111111000000011111111100000000
00000000000000001000101000000000
00000000000000000000000000000000
00000000000000000000000000000001
11111111000000011111111100000000
00000000000000001000101100000000
00000000000000000000000000000000
00000000000000000000000000000001
11111111000000011111111100000000
00000000000000001000110000000000
00000000000000000000000000000000
00000000000000000000000000000001
11111111000000011111111100000000
00000000000000001000110100000000
00000000000000000000000000000000
00000000000000000000000000000001
11111111000000011111111100000000
00000000000000001000111000000000
00000000000000000000000000000000
00000000000000000000000000000001
11111111000000011111111100000000
00000000000000001000111100000000
00000000000000000000000000000000
00000000000000000000000000000001
11111111000000011111111100000000
00000000000000001001000000000000
00000000000000000000000000000000
00000000000000000000000000000001
11111111000000011111111100000000
00000000000000001001000100000000
00000000000000000000000000000000
00000000000000000000000000000001
11111111000000011111111100000000
00000000000000001001001000000000
00000000000000000000000000000000
00000000000000000000000000000001
11111111000000011111111100000000
00000000000000001001001100000000
00000000000000000000000000000000
00000000000000000000000000000001
11111111000000011111111100000000
00000000000000001001010000000000
00000000000000000000000000000000
00000000000000000000000000000000
00000000000000000000000000000000
00000001000000000000000000000000
00000000000000000000000000000000
00000000000000000000000000000000
00000000000000000000000000000000
00000001000000000000000000000000
00000000000000000000000000000000
