11111011000000000000000000000000
00110000000000000000000000000000
11001110000000000000000000000000
00000110000000000000000000000000
01111101000000000000000000000000
10000110000000000000000000000000
01101001000000000000000000000000
00010100000000000000000000000000
01101001000000000000000000000000
00010111000000000000000000000000
11101001000000000000000000000000
10010000000000000000000000000000
01001111000000000000000000000000
00010010000000000000000000000000
00001110000000000000000000000000
11010000000000000000000000000000
00111011000000000000000000000000
00000000000000000000000000000000
01111011000000000000000000000000
01100110000000000000000000000000
10000110000000000000000000000000
01011111000000000000000000000000
10100000000000000000000000000000
01001111000000000000000000000000
11111100000000000000000000000000
00000101000000000000000000000000
10000110000000000000000000000000
00111001000000000000000000000000
11001110000000000000000000000000
11010001000000000000000000000000
11011010000000000000000000000000
01010100000000000000000000000000
11101000000000000000000000000000
10000110000000000000000000000000
11011000000000000000000000000000
01001100000000000000000000000000
01101001000000000000000000000000
10001101000000000000000000000000
10001011000000000000000000000000
10100000000000000000000000000000
01011101000000000000000000000000
11100010000000000000000000000000
00101101000000000000000000000000
11000000000000000000000000000000
00111111000000000000000000000000
01000000000000000000000000000000
01110101000000000000000000000000
00101011000000000000000000000000
00000100000000000000000000000000
11101111000000000000000000000000
10101000000000000000000000000000
01010001000000000000000000000000
10101101000000000000000000000000
01000011000000000000000000000000
10101110000000000000000000000000
00001001000000000000000000000000
00101111000000000000000000000000
01011100000000000000000000000000
11110001000000000000000000000000
10011010000000000000000000000000
10000000000000000000000000000000
00000100000000000000000000000000
01011111000000000000000000000000
00000100000000000000000000000000
11001010000000000000000000000000
00101111000000000000000000000000
01101000000000000000000000000000
10110110000000000000000000000000
00000010000000000000000000000000
01100000000000000000000000000000
10101000000000000000000000000000
01001011000000000000000000000000
00110010000000000000000000000000
01001110000000000000000000000000
10010100000000000000000000000000
10100110000000000000000000000000
11000100000000000000000000000000
01101011000000000000000000000000
10000000000000000000000000000000
01010001000000000000000000000000
10100110000000000000000000000000
00011001000000000000000000000000
10100110000000000000000000000000
01011101000000000000000000000000
10101110000000000000000000000000
11010001000000000000000000000000
11010100000000000000000000000000
11110101000000000000000000000000
11000000000000000000000000000000
00011111000000000000000000000000
11011000000000000000000000000000
10010110000000000000000000000000
00001001000000000000000000000000
11000110000000000000000000000000
00000000000000000000000000000000
01101111000000000000000000000000
10000010000000000000000000000000
01101101000000000000000000000000
10100000000000000000000000000000
01001001000000000000000000000000
11110110000000000000000000000000
00001011000000000000000000000000
11011000000000000000000000000000
10101010000000000000000000000000
10010000000000000000000000000000
10101111000000000000000000000000
10100010000000000000000000000000
01000001000000000000000000000000
10100110000000000000000000000000
01011001000000000000000000000000
00101110000000000000000000000000
01011001000000000000000000000000
11110100000000000000000000000000
00110111000000000000000000000000
00111110000000000000000000000000
10111001000000000000000000000000
10101111000000000000000000000000
00001110000000000000000000000000
11111001000000000000000000000000
00010110000000000000000000000000
10001000000000000000000000000000
01100111000000000000000000000000
00001000000000000000000000000000
01101101000000000000000000000000
10000010000000000000000000000000
11110111000000000000000000000000
10010010000000000000000000000000
01101100000000000000000000000000
10010110000000000000000000000000
00001100000000000000000000000000
11000111000000000000000000000000
01111011000000000000000000000000
10100001000000000000000000000000
01101011000000000000000000000000
10100100000000000000000000000000
01111001000000000000000000000000
10100110000000000000000000000000
01001100000000000000000000000000
10110110000000000000000000000000
01010001000000000000000000000000
00011011000000000000000000000000
10001110000000000000000000000000
01000000000000000000000000000000
10111010000000000000000000000000
10001011000000000000000000000000
00011001000000000000000000000000
01110001000000000000000000000000
11010101000000000000000000000000
00111001000000000000000000000000
00110101000000000000000000000000
11000010000000000000000000000000
01010101000000000000000000000000
01101010000000000000000000000000
11001100000000000000000000000000
10010000000000000000000000000000
01101101000000000000000000000000
11010010000000000000000000000000
00101111000000000000000000000000
11000110000000000000000000000000
00111111000000000000000000000000
00000100000000000000000000000000
01110101000000000000000000000000
10010010000000000000000000000000
01111001000000000000000000000000
10100100000000000000000000000000
01001101000000000000000000000000
10100110000000000000000000000000
00001010000000000000000000000000
01101110000000000000000000000000
11100000000000000000000000000000
10001111000000000000000000000000
00110101000000000000000000000000
11011111000000000000000000000000
11011010000000000000000000000000
10110100000000000000000000000000
01001101000000000000000000000000
10101110000000000000000000000000
01010101000000000000000000000000
10000000000000000000000000000000
01010101000000000000000000000000
11001000000000000000000000000000
11001101000000000000000000000000
10010010000000000000000000000000
11101110000000000000000000000000
11010010000000000000000000000000
00111111000000000000000000000000
10000100000000000000000000000000
01111111000000000000000000000000
10000000000000000000000000000000
00010101000000000000000000000000
10110011000000000000000000000000
01111101000000000000000000000000
00100000000000000000000000000000
11011100000000000000000000000000
10011011000000000000000000000000
10111101000000000000000000000000
01100100000000000000000000000000
10101101000000000000000000000000
10110101000000000000000000000000
10100011000000000000000000000000
10111011000000000000000000000000
11000010000000000000000000000000
00010011000000000000000000000000
00100110000000000000000000000000
01001011000000000000000000000000
00111101000000000000000000000000
00001010000000000000000000000000
11010101000000000000000000000000
10100011000000000000000000000000
01001100000000000000000000000000
00010010000000000000000000000000
01001111000000000000000000000000
11011011000000000000000000000000
10100011000000000000000000000000
11101010000000000000000000000000
11001000000000000000000000000000
10110000000000000000000000000000
01011101000000000000000000000000
01100010000000000000000000000000
11011101000000000000000000000000
10100010000000000000000000000000
00100100000000000000000000000000
00001011000000000000000000000000
11000010000000000000000000000000
00110110000000000000000000000000
10100001000000000000000000000000
01000110000000000000000000000000
10010111000000000000000000000000
10101101000000000000000000000000
11101011000000000000000000000000
00010010000000000000000000000000
00001110000000000000000000000000
10101101000000000000000000000000
00001101000000000000000000000000
10001100000000000000000000000000
00111110000000000000000000000000
11011000000000000000000000000000
00010101000000000000000000000000
01001010000000000000000000000000
01010010000000000000000000000000
00101100000000000000000000000000
01101100000000000000000000000000
00000010000000000000000000000000
10110011000000000000000000000000
01010010000000000000000000000000
11111111000000000000000000000000
11001000000000000000000000000000
01011110000000000000000000000000
00010000000000000000000000000000
01010010000000000000000000000000
00010010000000000000000000000000
11001000000000000000000000000000
10011010000000000000000000000000
00010101000000000000000000000000
00100111000000000000000000000000
11101000000000000000000000000000
11101101000000000000000000000000
00010001000000000000000000000000
11101100000000000000000000000000
00100011000000000000000000000000
01000101000000000000000000000000
00100010000000000000000000000000
11011111000000000000000000000000
11100010000000000000000000000000
00100000000000000000000000000000
01101110000000000000000000000000
00010001000000000000000000000000
00110110000000000000000000000000
10000110000000000000000000000000
11100111000000000000000000000000
10011000000000000000000000000000
00000011000000000000000000000000
00001010000000000000000000000000
00000001000000000000000000000000
11000001000000000000000000000000
10110010000000000000000000000000
01000000000000000000000000000000
10110001000000000000000000000000
01001110000000000000000000000000
01101000000000000000000000000000
00010100000000000000000000000000
10101110000000000000000000000000
10010111000000000000000000000000
00010010000000000000000000000000
11001101000000000000000000000000
00000010000000000000000000000000
10001111000000000000000000000000
00110000000000000000000000000000
10001111000000000000000000000000
01000000000000000000000000000000
11000111000000000000000000000000
11001101000000000000000000000000
00001010000000000000000000000000
01110101000000000000000000000000
10010000000000000000000000000000
10111001000000000000000000000000
00011100000000000000000000000000
00100010000000000000000000000000
01011000000000000000000000000000
00100011000000000000000000000000
10110100000000000000000000000000
00100001000000000000000000000000
01010001000000000000000000000000
00101100000000000000000000000000
10111101000000000000000000000000
10010000000000000000000000000000
00010010000000000000000000000000
11101000000000000000000000000000
10010010000000000000000000000000
11110011000000000000000000000000
10100101000000000000000000000000
00010000000000000000000000000000
11001110000000000000000000000000
00110000000000000000000000000000
11101111000000000000000000000000
00010000000000000000000000000000
10101111000000000000000000000000
00011000000000000000000000000000
10000011000000000000000000000000
11001101000000000000000000000000
00111010000000000000000000000000
11101101000000000000000000000000
11110111000000000000000000000000
10000000000000000000000000000000
11100011000000000000000000000000
11100100000000000000000000000000
01011000000000000000000000000000
00000000000000000000000000000000
11110111000000000000000000000000
00001011000000000000000000000000
10110101000000000000000000000000
10001000000000000000000000000000
00110010000000000000000000000000
11001110000000000000000000000000
00110011000000000000000000000000
01001010000000000000000000000000
00000001000000000000000000000000
01111110000000000000000000000000
10000111000000000000000000000000
00111000000000000000000000000000
11101111000000000000000000000000
00010000000000000000000000000000
10101010000000000000000000000000
00011101000000000000000000000000
11100010000000000000000000000000
00011100000000000000000000000000
00100010000000000000000000000000
11011101000000000000000000000000
00110110000000000000000000000000
01110101000000000000000000000000
10000101000000000000000000000000
00100100000000000000000000000000
00001001000000000000000000000000
01010101000000000000000000000000
11110011000000000000000000000000
00011000000000000000000000000000
11110101000000000000000000000000
00001100000000000000000000000000
10110101000000000000000000000000
01100000000000000000000000000000
10011001000000000000000000000000
11101100000000000000000000000000
00100010000000000000000000000000
01111110000000000000000000000000
00000001000000000000000000000000
01111101000000000000000000000000
00100010000000000000000000000000
00010101000000000000000000000000
11100010000000000000000000000000
01010101000000000000000000000000
00100010000000000000000000000000
00001100000000000000000000000000
11100010000000000000000000000000
11011101000000000000000000000000
10010010000000000000000000000000
11001100000000000000000000000000
00010010000000000000000000000000
11111101000000000000000000000000
10010010000000000000000000000000
11110001000000000000000000000000
00100011000000000000000000000000
10111111000000000000000000000000
11100010000000000000000000000000
00011101000000000000000000000000
11110011000000000000000000000000
00100001000000000000000000000000
10010000000000000000000000000000
01100101000000000000000000000000
10010101000000000000000000000000
01110010000000000000000000000000
00000001000000000000000000000000
01111111000000000000000000000000
10000000000000000000000000000000
11111101000000000000000000000000
00100010000000000000000000000000
00010101000000000000000000000000
11101010000000000000000000000000
01000001000000000000000000000000
01000010000000000000000000000000
01001000000000000000000000000000
01110011000000000000000000000000
11101100000000000000000000000000
00100001000000000000000000000000
01101101000000000000000000000000
10010000000000000000000000000000
01110011000000000000000000000000
10001110000000000000000000000000
10001111000000000000000000000000
10110000000000000000000000000000
00011101000000000000000000000000
11101010000000000000000000000000
00010101000000000000000000000000
11010010000000000000000000000000
00101011000000000000000000000000
11010011000000000000000000000000
01100000000000000000000000000000
10011000000000000000000000000000
01110010000000000000000000000000
00000000000000000000000000000000
01110001000000000000000000000000
00000000000000000000000000000000
11010101000000000000000000000000
01101010000000000000000000000000
10010101000000000000000000000000
00101010000000000000000000000000
00001001000000000000000000000000
00000001000000000000000000000000
00111010000000000000000000000000
00100001000000000000000000000000
11111110000000000000000000000000
00000000000000000000000000000000
11110110000000000000000000000000
00001100000000000000000000000000
01010101000000000000000000000000
10001010000000000000000000000000
01000111000000000000000000000000
11111010000000000000000000000000
01101101000000000000000000000000
11000010000000000000000000000000
00110101000000000000000000000000
01001110000000000000000000000000
00100011000000000000000000000000
10010010000000000000000000000000
00100111000000000000000000000000
11011101000000000000000000000000
00100001000000000000000000000000
01101000000000000000000000000000
10000011000000000000000000000000
10101100000000000000000000000000
10001011000000000000000000000000
00111110000000000000000000000000
00011001000000000000000000000000
01000101000000000000000000000000
00011011000000000000000000000000
01100101000000000000000000000000
01111010000000000000000000000000
00000001000000000000000000000000
11111101000000000000000000000000
00000101000000000000000000000000
01110010000000000000000000000000
00001000000000000000000000000000
01110010000000000000000000000000
00110010000000000000000000000000
01010111000000000000000000000000
00101010000000000000000000000000
10100100000000000000000000000000
01000110000000000000000000000000
01010001000000000000000000000000
01000010000000000000000000000000
00100110000000000000000000000000
01000000000000000000000000000000
10000001000000000000000000000000
11011010000000000000000000000000
10001000000000000000000000000000
11111110000000000000000000000000
01000001000000000000000000000000
01100110000000000000000000000000
11000011000000000000000000000000
01000101000000000000000000000000
10001000000000000000000000000000
01100101000000000000000000000000
11111010000000000000000000000000
01000110000000000000000000000000
10011011000000000000000000000000
00001110000000000000000000000000
11110011000000000000000000000000
00001101000000000000000000000000
11100111000000000000000000000000
00001010000000000000000000000000
00000010000000000000000000000000
00000000000000000000000000000000
01011001000000000000000000000000
11110110000000000000000000000000
10111101000000000000000000000000
00111001000000000000000000000000
10011100000000000000000000000000
01100011000000000000000000000000
10110010000000000000000000000000
00011001000000000000000000000000
11001010000000000000000000000000
01111011000000000000000000000000
10100001000000000000000000000000
00110000000000000000000000000000
10001011000000000000000000000000
01000101000000000000000000000000
10001000000000000000000000000000
00100101000000000000000000000000
10101100000000000000000000000000
00101111000000000000000000000000
11010000000000000000000000000000
00001111000000000000000000000000
11010000000000000000000000000000
00100101000000000000000000000000
11011100000000000000000000000000
00010001000000000000000000000000
11101010000000000000000000000000
00010001000000000000000000000000
10101110000000000000000000000000
01010001000000000000000000000000
10110110000000000000000000000000
11100010000000000000000000000000
00110111000000000000000000000000
10000001000000000000000000000000
01100110000000000000000000000000
10100000000000000000000000000000
01011101000000000000000000000000
00010000000000000000000000000000
00111111000000000000000000000000
10000000000000000000000000000000
00101111000000000000000000000000
01000000000000000000000000000000
10101111000000000000000000000000
11010000000000000000000000000000
01101011000000000000000000000000
00001100000000000000000000000000
11110000000000000000000000000000
00101101000000000000000000000000
11010011000000000000000000000000
01000111000000000000000000000000
10011011000000000000000000000000
00000100000000000000000000000000
11111111000000000000000000000000
01010001000000000000000000000000
10001010000000000000000000000000
01010001000000000000000000000000
11101010000000000000000000000000
01010001000000000000000000000000
11001110000000000000000000000000
11101010000000000000000000000000
01001111000000000000000000000000
11000101000000000000000000000000
00010101000000000000000000000000
11010010000000000000000000000000
11101111000000000000000000000000
10000000000000000000000000000000
01111111000000000000000000000000
00010000000000000000000000000000
11101111000000000000000000000000
01010000000000000000000000000000
10101101000000000000000000000000
00010100000000000000000000000000
11010001000000000000000000000000
00110000000000000000000000000000
00010001000000000000000000000000
00001001000000000000000000000000
01010000000000000000000000000000
01101111000000000000000000000000
10010010000000000000000000000000
00000001000000000000000000000000
10111111000000000000000000000000
11010000000000000000000000000000
10001110000000000000000000000000
00010001000000000000000000000000
11101110000000000000000000000000
00110000000000000000000000000000
00001111000000000000000000000000
10100111000000000000000000000000
00110100000000000000000000000000
11100100000000000000000000000000
10100000000000000000000000000000
10000011000000000000000000000000
11010010000000000000000000000000
00110110000000000000000000000000
11110101000000000000000000000000
00011010000000000000000000000000
01100111000000000000000000000000
10011010000000000000000000000000
01010011000000000000000000000000
00110100000000000000000000000000
11101011000000000000000000000000
00101000000000000000000000000000
11011011000000000000000000000000
00101110000000000000000000000000
10010000000000000000000000000000
01101101000000000000000000000000
10110110000000000000000000000000
01001101000000000000000000000000
10111111000000000000000000000000
00000000000000000000000000000000
11101111000000000000000000000000
00110000000000000000000000000000
11001110000000000000000000000000
00110110000000000000000000000000
01010101000000000000000000000000
10110101000000000000000000000000
00111101000000000000000000000000
11000000000000000000000000000000
01110000000000000000000000000000
11111111000000000000000000000000
11010000000000000000000000000000
01001111000000000000000000000000
11110010000000000000000000000000
10001000000000000000000000000000
01111111000000000000000000000000
00001010000000000000000000000000
01101001000000000000000000000000
00010100000000000000000000000000
01110001000000000000000000000000
00110110000000000000000000000000
01001101000000000000000000000000
11101010000000000000000000000000
00010000000000000000000000000000
11101100000000000000000000000000
00110011000000000000000000000000
10101100000000000000000000000000
01001111000000000000000000000000
00110000000000000000000000000000
01001010000000000000000000000000
10110000000000000000000000000000
11001101000000000000000000000000
00100010000000000000000000000000
01011100000000000000000000000000
10010010000000000000000000000000
01111100000000000000000000000000
10001010000000000000000000000000
00111010000000000000000000000000
01111110000000000000000000000000
00010010000000000000000000000000
01001101000000000000000000000000
11100010000000000000000000000000
00001001000000000000000000000000
11110011000000000000000000000000
00001000000000000000000000000000
01010001000000000000000000000000
10000110000000000000000000000000
01111101000000000000000000000000
11000110000000000000000000000000
00111101000000000000000000000000
11100001000000000000000000000000
00010001000000000000000000000000
11101100000000000000000000000000
01110011000000000000000000000000
10101011000000000000000000000000
01001101000000000000000000000000
00110011000000000000000000000000
01001101000000000000000000000000
10100010000000000000000000000000
01011001000000000000000000000000
10110010000000000000000000000000
00001001000000000000000000000000
10000110000000000000000000000000
00100110000000000000000000000000
11001000000000000000000000000000
00100001000000000000000000000000
10100110000000000000000000000000
01100000000000000000000000000000
00101101000000000000000000000000
11100110000000000000000000000000
00001001000000000000000000000000
11111010000000000000000000000000
00000000000000000000000000000000
11101000000000000000000000000000
00001110000000000000000000000000
01111001000000000000000000000000
10010010000000000000000000000000
01011000000000000000000000000000
11100001000000000000000000000000
00011001000000000000000000000000
10101111000000000000000000000000
11110000000000000000000000000000
10001010000000000000000000000000
01001101000000000000000000000000
00100010000000000000000000000000
11001101000000000000000000000000
10110010000000000000000000000000
01001001000000000000000000000000
10110010000000000000000000000000
00001001000000000000000000000000
11100010000000000000000000000000
00111110000000000000000000000000
11000011000000000000000000000000
11101111000000000000000000000000
01100111000000000000000000000000
11011000000000000000000000000000
00001101000000000000000000000000
11110110000000000000000000000000
00001101000000000000000000000000
11100010000000000000000000000000
00011011000000000000000000000000
11011010000000000000000000000000
01010100000000000000000000000000
11000100000000000000000000000000
11100100000000000000000000000000
00011110000000000000000000000000
11100010000000000000000000000000
00011001000000000000000000000000
10101110000000000000000000000000
11111001000000000000000000000000
00010111000000000000000000000000
01001101000000000000000000000000
10010010000000000000000000000000
01011101000000000000000000000000
10110100000000000000000000000000
01010001000000000000000000000000
11110100000000000000000000000000
00011011000000000000000000000000
11100100000000000000000000000000
11011101000000000000000000000000
10101010000000000000000000000000
10010100000000000000000000000000
00110000000000000000000000000000
11000000000000000000000000000000
01100101000000000000000000000000
11001010000000000000000000000000
00000100000000000000000000000000
11100010000000000000000000000000
00001101000000000000000000000000
10000010000000000000000000000000
00100101000000000000000000000000
11001010000000000000000000000000
00110001000000000000000000000000
11001001000000000000000000000000
00111010000000000000000000000000
10010000000000000000000000000000
00010111000000000000000000000000
00111000000000000000000000000000
01011011000000000000000000000000
00100101000000000000000000000000
11110100000000000000000000000000
01001001000000000000000000000000
11000000000000000000000000000000
00101001000000000000000000000000
11110000000000000000000000000000
00001001000000000000000000000000
10110110000000000000000000000000
10001110000000000000000000000000
10011000000000000000000000000000
10001110000000000000000000000000
10001110000000000000000000000000
11011100000000000000000000000000
01100111000000000000000000000000
11010010000000000000000000000000
00101100000000000000000000000000
11100010000000000000000000000000
00110101000000000000000000000000
11001010000000000000000000000000
00100000000000000000000000000000
10010100000000000000000000000000
00111110000000000000000000000000
10010101000000000000000000000000
01111110000000000000000000000000
11011000000000000000000000000000
11010110000000000000000000000000
00101000000000000000000000000000
11010110000000000000000000000000
00101001000000000000000000000000
11110010000000000000000000000000
01001101000000000000000000000000
01011011000000000000000000000000
00100100000000000000000000000000
10010001000000000000000000000000
10100100000000000000000000000000
11000000000000000000000000000000
00111101000000000000000000000000
11000100000000000000000000000000
01111010000000000000000000000000
11001000000000000000000000000000
00000010000000000000000000000000
11011111000000000000000000000000
10101100000000000000000000000000
01101110000000000000000000000000
01001111000000000000000000000000
10111000000000000000000000000000
10001111000000000000000000000000
01001000000000000000000000000000
10111110000000000000000000000000
01000001000000000000000000000000
11010010000000000000000000000000
10000001000000000000000000000000
11010101000000000000000000000000
10011010000000000000000000000000
10110101000000000000000000000000
10011000000000000000000000000000
10100001000000000000000000000000
00100110000000000000000000000000
10011000000000000000000000000000
00000011000000000000000000000000
10011110000000000000000000000000
00000011000000000000000000000000
00111100000000000000000000000000
10000011000000000000000000000000
00110111000000000000000000000000
11001010000000000000000000000000
00110101000000000000000000000000
11101010000000000000000000000000
00001111000000000000000000000000
11010000000000000000000000000000
01001001000000000000000000000000
11100000000000000000000000000000
11001101000000000000000000000000
01111010000000000000000000000000
00110111000000000000000000000000
11000000000000000000000000000000
00010101000000000000000000000000
11001001000000000000000000000000
11010000000000000000000000000000
10001000000000000000000000000000
10010000000000000000000000000000
11011001000000000000000000000000
00100001000000000000000000000000
11011100000000000000000000000000
11110001000000000000000000000000
01100110000000000000000000000000
11011000000000000000000000000000
00000001000000000000000000000000
01111000000000000000000000000000
01000001000000000000000000000000
00110100000000000000000000000000
00001010000000000000000000000000
10110111000000000000000000000000
11001010000000000000000000000000
00110101000000000000000000000000
00101010000000000000000000000000
01011111000000000000000000000000
11000011000000000000000000000000
00101100000000000000000000000000
00101101000000000000000000000000
11001111000000000000000000000000
01111000000000000000000000000000
00110101000000000000000000000000
11000010000000000000000000000000
00111101000000000000000000000000
11000000000000000000000000000000
10111001000000000000000000000000
11001010000000000000000000000000
00110001000000000000000000000000
11011110000000000000000000000000
00110001000000000000000000000000
01001110000000000000000000000000
11010000000000000000000000000000
00101111000000000000000000000000
11110000000000000000000000000000
00001111000000000000000000000000
10010000000000000000000000000000
01001100000000000000000000000000
10110011000000000000000000000000
10001010000000000000000000000000
00110101000000000000000000000000
11001011000000000000000000000000
00010101000000000000000000000000
11101010000000000000000000000000
01001101000000000000000000000000
01010010000000000000000000000000
01001100000000000000000000000000
00001011000000000000000000000000
10010001000000000000000000000000
01100110000000000000000000000000
10111001000000000000000000000000
01000010000000000000000000000000
00111100000000000000000000000000
11000010000000000000000000000000
00111001000000000000000000000000
11001010000000000000000000000000
00110001000000000000000000000000
11001010000000000000000000000000
00110001000000000000000000000000
01000110000000000000000000000000
10010000000000000000000000000000
00100111000000000000000000000000
10010000000000000000000000000000
00101001000000000000000000000000
10110101000000000000000000000000
00001010000000000000000000000000
11110011000000000000000000000000
11001000000000000000000000000000
01110111000000000000000000000000
01001010000000000000000000000000
10110100000000000000000000000000
11001011000000000000000000000000
00001101000000000000000000000000
11010011000000000000000000000000
00000100000000000000000000000000
00111111000000000000000000000000
11011001000000000000000000000000
00110110000000000000000000000000
10011011000000000000000000000000
01010110000000000000000000000000
10111101000000000000000000000000
01000010000000000000000000000000
10100001000000000000000000000000
11000010000000000000000000000000
00111101000000000000000000000000
11010010000000000000000000000000
00110000000000000000000000000000
11000111000000000000000000000000
10010000000000000000000000000000
01101111000000000000000000000000
11010101000000000000000000000000
00101000000000000000000000000000
01010101000000000000000000000000
00001000000000000000000000000000
00100011000000000000000000000000
10001010000000000000000000000000
00110001000000000000000000000000
11011000000000000000000000000000
00000100000000000000000000000000
11011011000000000000000000000000
00100101000000000000000000000000
10011010000000000000000000000000
00110001000000000000000000000000
00110011000000000000000000000000
11000100000000000000000000000000
01111110000000000000000000000000
10011001000000000000000000000000
01110010000000000000000000000000
10001001000000000000000000000000
01000100000000000000000000000000
10101101000000000000000000000000
11000010000000000000000000000000
00101101000000000000000000000000
11010001000000000000000000000000
00101100000000000000000000000000
11010101000000000000000000000000
00101111000000000000000000000000
01111000000000000000000000000000
01000101000000000000000000000000
00111010000000000000000000000000
00100001000000000000000000000000
10111110000000000000000000000000
01000001000000000000000000000000
00011011000000000000000000000000
10110101000000000000000000000000
01001001000000000000000000000000
00100000000000000000000000000000
11001111000000000000000000000000
01100110000000000000000000000000
11011000000000000000000000000000
01101011000000000000000000000000
01100111000000000000000000000000
11000000000000000000000000000000
00101100000000000000000000000000
11010001000000000000000000000000
00110010000000000000000000000000
00001100000000000000000000000000
01100100000000000000000000000000
10001111000000000000000000000000
00110001000000000000000000000000
00001110000000000000000000000000
11010001000000000000000000000000
00011010000000000000000000000000
10011001000000000000000000000000
10100110000000000000000000000000
01111100000000000000000000000000
11101111000000000000000000000000
00111100000000000000000000000000
00000111000000000000000000000000
01111000000000000000000000000000
11100011000000000000000000000000
00011110000000000000000000000000
10110101000000000000000000000000
11011001000000000000000000000000
00100000000000000000000000000000
11001011000000000000000000000000
00100001000000000000000000000000
11111000000000000000000000000000
10011110000000000000000000000000
01100110000000000000000000000000
11010000000000000000000000000000
00111111000000000000000000000000
11000111000000000000000000000000
00100010000000000000000000000000
01001110000000000000000000000000
10110000000000000000000000000000
01001110000000000000000000000000
00101000000000000000000000000000
01000010000000000000000000000000
00010101000000000000000000000000
01111111000000000000000000000000
11110101000000000000000000000000
10110110000000000000000000000000
00000101000000000000000000000000
10100011000000000000000000000000
00010100000000000000000000000000
10001011000000000000000000000000
00000000000000000000000000000000
10101101000000000000000000000000
00010011000000000000000000000000
00101110000000000000000000000000
11010011000000000000000000000000
10101010000000000000000000000000
11011110000000000000000000000000
00101111000000000000000000000000
00011111000000000000000000000000
01110101000000000000000000000000
10011001000000000000000000000000
11001010000000000000000000000000
00101001000000000000000000000000
11000010000000000000000000000000
00111100000000000000000000000000
11000011000000000000000000000000
00111000000000000000000000000000
01000011000000000000000000000000
00100100000000000000000000000000
01011010000000000000000000000000
10101000000000000000000000000000
01001010000000000000000000000000
10000101000000000000000000000000
11111010000000000000000000000000
00111101000000000000000000000000
10101110000000000000000000000000
01110010000000000000000000000000
10001011000000000000000000000000
01000000000000000000000000000000
11101001000000000000000000000000
01100111101111101001100010011100
00110000100000000000010111000000
10001111111100101111001010000100
01011001000010110000110111101000
00010110011110001100001000111100
10010001000010000011100101100000
00110110011110101100000001101100
11110001100001010011110011111000
10110110010001000111001110010000
00001100001000010010110101100100
01001110100111001111101111100000
00000001110000001000111011111100
11100110000001111101001000100000
11111110001000000010110101111000
10101011100101110101101110000100
00001000011110001010100000011000
11111111100001000001100001000100
00010000010010000001011110111000
01101100100010101001110001101100
11010000001001110000100101111100
00100110101000110101010100101000
01010001001100010000011110100100
11101110011000111101011001010000
10000101010100110110010111000100
01100000110111100111000001010100
00001101000000000000011111101000
01110000111101101111101100110000
00101101100010000000101110100100
11010010010100110111100000110100
00000001100000001001100110101000
00010110011111001101111010110100
11000001100000000111010111001000
10100110011111111100110011011100
01010001100000100010111110110000
10111100010110101101100001011000
01001001100001110010110111000100
01010101010110000100000101011100
01001111001010100000111111000100
10111111110101000111000010001000
00100000010001010000110100110000
10011001111111101101000011100000
01101111011000010100010100010000
00001011110111101000111110000100
00001001001011000000000101011000
11100110111000010001111101010100
00010000101110101101110110111100
10000110110011001101101101010100
01110011111011010010001111110000
00000110110110100111111110110100
00010101111001111010101010101100
01011010111010011101101000010100
00101011001000100110010111000100
11110110110110101010100001001000
10101011001000000010000011010000
11000100111111001011001100001100
00110111100000010000010101000000
11000110011100110010110010110100
00011001101000000000010101100000
11101110001100001100100011001100
00000001101001100000001110101000
10100110011110101100100000001100
01010001100000000110011001000000
10100100010110001001110001011000
01000001110011110010001010000000
01010100010100000111111101011000
01000110000010111100010010100100
11100000111100100100001000011000
01000011101000010011110001010100
11111100111110111100101011001100
11101110011000100100011101010100
11000101100111001101101010101000
01011011001000010010010001110000
11000100110101111001011101000100
00111000111000000100110100111100
00100110100110001111100000010000
11010001011110110111110101011100
00000000011100101001101101011000
01010000011100100110100111101100
01000010101111001001001001111000
00000001010001100110100010100100
11011100001111010001110101011000
10101011001000101010000011010000
00000100100111010000001000000000
01010011011000110010000101000000
11111100000101011110101110001100
00010001110010110000010000100000
11101110001100000010101111001000
00010000110001110010110000110100
10101110000100001100100100101000
01101010110001000111001010000100
11001101001111011001110001011100
01100011110010010100001010100100
11011001011101000010010101011000
00000111100010011001100110000100
11111100111100000000011101101100
01011110100011111011100010010100
01101110101101000000011001101000
00111111011000011111000111010100
00010001100111101000001101001000
10101011101001010010010110110000
11010100011111111101100010000000
11110011101010000111101110010000
01110101000001111011001011001100
10011010011111101101111100110000
00001000111001101001000101010000
11110011110000010010001010100000
00001100001100001001011101111000
00000001111001111010100011100100
01010100000101000001010000100000
10100011001001111000100011011100
10111100100100000111011110100000
01000011111011110010000100011000
10101011000101000111100101001000
00010010111011110001010000110000
11111101000110000010011101001100
00010000011011110111000000100100
10110101001000101000100100110000
01100010110000100110001000001100
11100000001001001001110101000100
00000111100110110100000110100000
11111001111001100010010101011100
00000010100010011001100010110000
11111001111101000100011101001100
11001100110010011011000010010000
10000001001100000000101101101000
01001111100000011111100110010100
01011000000101100000011001101100
00101111101000010110010110010100
11010100011101101001001001001100
10101110111110110101110010011100
00000001010101011100011110100000
10001111101110101101111111001100
00011001000000110001111101001000
11101000110010010010010010100000
00011010001101011001011101001100
10100010110010101010110110011000
01111001000101010101111000000100
10000010011000101010001011110000
10111001100110010101001100100000
01010110111010111011010000010100
10101011000101001100001101000000
00001100111111111101000000111100
10010001000000000000101111001000
00000111110101110111001000101100
11010010001010000110110100100000
01101100010100000110001100101100
10111001011001110001110001000100
00000111100110001100001110101000
01111000011000110110010101000000
01010100000110011001100010110000
11101111011001100011011100001000
01111000111111111001100011010100
10111001100110000000001100101100
01000111100011011111100010010100
11011000101000000000001101101100
00101111101011010011110010010000
11000000011100101001111001001100
10111111100111000000001101111100
01010001011111110000111111110000
11110110111111000110001111001000
00000001001111001101111101001000
11101100111100110010000010111000
01000001001101110101001000001100
01100010101000111010110011111000
00011101110111000100010100100100
00000110011011111111001011011000
10111011100101000000101100001000
01010100011011111110010010011000
10010001000100001000111101001000
01100100111011010001000010111100
01111001000000000101110111000000
11000110010111001111000100100100
01101100000011110001110110000000
00101110010000000100001010001000
10111001111001111011110011110100
00001010000111001110001000111000
10111011011000110110011011000100
01000000010011001001100110111100
10111011100011100110001000100100
00001111001100011001100110110100
00010001010011000110001000100100
10100111101001011001110010010100
11011000000100000100001101101100
00110111101111110101000011000000
01010001101000101110011100011100
10101111011001100000101101101000
00000000110001110011100010100100
10101110010001011000001110011100
00010000100110101001110000101000
11100111011011111011101010110000
00000101101011110000000010101100
10111010010000111011110011011000
01010001100001000000000100100100
00100110011111111011101011011000
01101011100000000000100100100100
01101110011111111101001011010000
10101000000000100000100100011000
10011000011111000110000001101100
01100000000000101110111111011000
00011100010110000101001110111100
11011001100001111011110111111100
01010001101110001100001100001000
10001010110001110011110011001100
00000010001110001010100100110000
01101010011010110110011111000000
01011111011000001001110001111100
10111010110010110110001000000000
01001100001000101001110111011100
00100111001010000110101100000000
10100101111101000001110011011000
11001010100010000010100100111100
00010101101101011011100010101000
01011100111010110100101001111100
00101000011001110010111010000100
11000101100101011101101111011000
00111111010001101110010110110000
00000010101101001010011100001100
01111000011101110111001000111100
01000100101101110001011101001100
11111010110010111011101010010100
01000111001001000000000100111100
10111000010111111111101010000000
01000110001000000000010100000100
11011110010111101111001011101100
10000010001000000011110000000000
01101110011101001110011011110100
11001010001000000001111000001000
00110010111110111110001101100000
10101011010001110001110011001000
01010101001110001110001100111100
11100011111001110101110011000000
10000100000110001011000100110100
10101010100110010100001010000000
01100100001001101001110101111100
01001000010110010010000010000000
00101100100001000101111101001000
10100100110010011010100100110100
11110100111001100001111011001000
10001100100010010010100110110100
00111100101101100111001011001000
11000000111110100001001100111000
01110100011001100010010011000000
10010000110111001111010110011100
00110011010111000100110011001100
00000000110100011000000100010100
11111010000000011111111101110100
00001100111111110010100011001000
10111010010000111011111001010000
00000111111001000010000110111100
10011000110111011111101011000000
00000101101000111000000111011000
10111100010101100110001001000000
10000011100100010001110101010000
00111100000101101110111101110000
00000011110000000001000000000100
11010100011110000100001101110100
