101010101010110001101010101010101010100100001011101010110101001010001000010001101001001010010110110100101000011001000010110010111001001001000011000001010100101010101101101010000010101011000001101101010100001010001101010110001010101010101001110100101111010100000000000000000000000111111111000000011111111100000000000000000000000000000000
001010001000010001101010100010001111010000101001011101010101011011010000010010111100101101001010101010101000101010001001101010001011101110110110111010011010111010101001001111101010001010101110100100101110101000010001011010011010000100111100010110111100110100000000000000000000000111111111000000011111111100000000000000000000000000000001
000010101010100111100010101011001101101001010111000010100101010101001001010101000100100101000101010011010000111001001001011010100110100001101010111000010010001010010101001011110011010110101010101100001000100100101000010000000010101010001000011100011000000100000000000000000000000111111111000000011111111100000000000000000000000000000010
100010101010010101100001110001001011010001100100101101011110000010000000110001101010101011101110100000110010110110001001001010110010010100101011001011010110110110000001011010100011001001100110001001010010111000100101001001000010110010101011100000011010111100000000000000000000000111111111000000011111111100000000000000000000000000000011
010010101010111111101010101000011100101001110001100000100010101000101010001010111010001000100011001000000001001100101100111001111011011011001011101001101110101110110010011011001101101001100010010110100011011000011010110111100010101010101000000100001110100000000000000000000000000111111111000000011111111100000000000000000000000000000100
111010101010110100001100010111011101100001010110000000100101011010100000010101001000100101110111100010110011011000010101010101101011010011010111110101101101011001010010010110100101001101001010010100011010001001000110101110011111111010100110010010001000000000000000000000000000000111111111000000011111111100000000000000000000000000000101
001000001010001001101010101011100010101010101000001100010110101100111001010110111000101000001011101000110001100000110011100010111010101001001011101010110100101010101010111010111010101010101010100101010110101101010101011011110101010101111100111000100111010000000000000000000000000111111111000000011111111100000000000000000000000000000110
011101010101011001111011010000100011101000010111011010101100011010100010110010011011001000101110101010101010111000000010100001000010010010010100000101000101010100110100101000011001010000101001001010100010011010101010101010010011001010100011110110000100011000000000000000000000000111111111000000011111111100000000000000000000000000000111
001010110010101110101000100110001011101000101001101011101110101000100010101100100010101010011011011010101100100001101010101010110100101010101111101010101010101010101010101010101010001010101011001010001110101001101010001010010010000010001001001000100101110100000000000000000000000111111111000000011111111111111111000000000000000000001000
000111110101011011010000010101100001000000111000100000011111101111001001011010111010010100000010101010000000101100010000100000101001010110000110101101110100011010010111010110100101101101001010101010110101101000101010101010001010101011011001010000011000001000000000000000000000000111111111000000011111111100000000000000000000000000001001
111010101110111011001010101010001000101001010010101010100001001000101000110101111011100010111010001101001111001100001010111111101011001001111100101110100110101010001000001000000000000100101010101100001010100010100000101010010110101010100010110101111001101100000000000000000000000111111111000000011111111100000000000000000000000000001010
001000101011111010101010101010010110010010110110101001000010101001101000101010111110101000101001101010000010100100101001001110101001100100001111001010010010111010101001001010001010100110101110100010101010001100011100001010000110000110100000100110010110010000000000000000000000000111111111000000011111111100000000000000000000000000001011
111010101010010110101101101010111101010010000010010101000010110111010100010101100101011001010100010100000101011011010000001101000101110010110110100001001011011110101100000101101000010010010100101001100101010000100001010100100110101111000011000011101110110100000000000000000000000111111111000000011111111100000000000000000000000000001100
100010101010111111101001010101100010100001010100101001010001010110100100100101110011000010110101100000001000010010011000010011110010101100100110000000110010110010010101001001001001010100110101101100001110011110101010110101100110101100101111000110100001111100000000000000000000000111111111000000011111111100000000000000000000000000001101
111010101010100011101010100010001010110010100001111010001010101100101000101010100010100010101011101010001010101000100101010001101000000011000010101010001001100100101000100110011001011010001011010011101000101000001110101010000010101010101111011001011110001100000000000000000000000111111111000000011111111100000000000000000000000000001110
001010101010100001000101001011001110101101010010101101000101111000010010110010001000101011011010101010100100101110101011011001101010100101011010110011010000101001000111101010111101011100000011010101110100100101110100101010010111001010101100011110011001000000000000000000000000000111111111000000011111111100000000000000000000000000001111
001010111000111010101010101110000010001110101011101101010000101000010111010010111101010101000011100100101001001000010001000000111000100101010110101010110101011010101001011101100010101101110110001010101001010100010000010011001101010101010001101101000101011100000000000000000000000111111111000000011111111100000000000000000000000000010000
000100010001001110101110000001110011100101110111101010000010101010101000010010111011011001101011101001001000111100000100101010001010010110101101101001010110110000100001011101011011000101010001001010100100000100101010101010100101101010101011010111001101000100000000000000000000000111111111000000011111111100000000000000000000000000010001
110010101000001110101001001010010010010100101001001100100110101000100101110010111010000101101011111010010010101111101011001010100000001011011010000111101101101011101110100101000011001110110010110001111000100111010110101010100010101010101011000101011101001000000000000000000000000111111111000000011111111111111111000000000000000000010010
100100111011100001110110101010101001011011101011100100001000111010000100100100111110001011001010101000101111010100110010100101101001001010110010101000101011011010100010100100110010001001000011001010000100101000101010101011100000001010100000000111011010101100000000000000000000000111111111000000011111111100000000000000000000000000010011
111010101110001100101010101010101010101100101011101010000110101110100010110011111010100010001011101100101000101000110010100011000011111010001011001111101000101000101100000010010010110011101010101010110110101010111000001011000000101010101101111101001111100000000000000000000000000111111111000000011111111100000000000000000000000000010100
001000101001001110111010100010011110101000000100101010100000101001101010010010110110101000101010001010101111101110001011001010110001101110101111101010011010111110101000101000110010011010101100001101011010111000010010101010000010101110101011011000010011010100000000000000000000000111111111000000011111111100000000000000000000000000010101
111010101010010101101010101010000001101010101000010100101110101001001000111011100101001001000111010000110101000101001000010010010100100110101001101010011010111010101000001010111010100010111000001010000100101101101001010101100110101010100011101111011000101100000000000000000000000111111111000000011111111100000000000000000000000000010110
010110101010001001101000010100011110010011010101101011001011110010000100101000110001010010101100100101101010110000101010001010111010100101000010001001000010110100100001101011100010000001100110101010100110011000101000010001110100100000101011010011011010100100000000000000000000000111111111000000011111111100000000000000000000000000010111
111010101010100010101010101010010000011110101011101001100010101000101010101010001010000010000011100101010101101100010001100000111100000111000010101010000001001010101100110000011110001010100010101100101010001000010000100010011010101010100110010011001110001000000000000000000000000111111111000000011111111100000000000000000000000000011000
101010101011001001111010010010100010100001101110101010010000101000101101010100100010010010100010101010101010111110101011001010111010101000101011111010100110101001010001011010011101001001101010000100100010101111011011111010001010010010101110110001101011010100000000000000000000000111111111000000011111111100000000000000000000000000011001
011010101001000001101010101011100010011010101010101010010010101010100100010010101010010001010010110001000101010110000010110100101001011001010010100100000000100110011010101010110011101010101010100110101011111111010100100001001001010101010101011011110101001000000000000000000000000111111111000000011111111100000000000000000000000000011010
101110110100000111111101010101101110101010010111111000100000001110101010101010110010010010101110001101001010111101110010101000000010011010011101001101100100010100010100000001001011011010010101001010101010110110101010101010100010101010101100101101110010111000000000000000000000000111111111000000011111111100000000000000000000000000011011
100010101110010100101001111010111010100101101011101000100010101100011010001000101000001101000011010000010101101001100001010010100100100101001001010100010101001011010001010101111010101010001111101010000010101010101000111110011010111010101100111001001001100000000000000000000000000111111111000000011111111100000000000000000000000000011100
110011001101100100011100100101000110111001111010001011011010101000101000101010101110101010101010101010010100101100101101010111101011011101001011001101101100101010100010010010110011001001101010001110101010111100101010101010011000101010100101001001110101011100000000000000000000000111111111000000011111111100000000000000000000000000011101
110010001011010111001010101010000110001001010010001010101101001110101000100100101010100010010111000011101011001010001010110000101001101000010010000000100011100010010010001000100001010010101011101101001010100000000100101011000010101010101000100000101000100000000000000000000000000111111111000000011111111100000000000000000000000000011110
001000001000010101111010101110011110101001000010101010100010001011001010100010100110101001001010101010100101101000001011101010011001011110101111101111011010110010101101101011000011000010101110000000001010100110100010101010000010100010101000011100001101000100000000000000000000000111111111000000011111111100000000000000000000000000011111
001010101011001101101110101000110101001011010011100100001111100001010000010110000101100101001100011110110101011111011011000010110111011010101011111101101011011010010101100001110011011000000100101110100001001000101011000100001010100101000001101111110111100100000000000000000000000111111111000000011111111100000000000000000000000000100000
011110101010001101110011010101111011101011010101001101101100110000111000000101110011000000111101101110100010010010111001001111110010100100101010001001001010110010110101101111000010010110010010101001001000011100100101110111111010100000101010001101110101010100000000000000000000000111111111000000011111111100000000000000000000000000100001
011010101010100101101110101000110111010101001000101101011010101100110100001001011011010001101011101000011101101001101101010100101010100001011011101010001000000110101010000101001100101001010011110100010101010111010000001010000010101010101010111011001000101000000000000000000000000111111111000000011111111100000000000000000000000000100010
001010101010001010000010101010100111001010101011000110100100001010101011010100111000001100000110100100101010111010100100101010111010010101101011110000010011101011001010100110011000101011111011000001001001001100010111111110000011011010101101011011111010000100000000000000000000000111111111000000011111111100000000000000000000000000100011
011000101111011001101010101000101010101010101010001001010100100000000101010110101101000101010010110000100000001110100000100000101000110000101010101011000100001010101010101010001011001010000110010101101001001011010101010101011001010101011111100111100100111100000000000000000000000111111111000000011111111100000000000000000000000000100100
101111010001010001101101010011011010101010001000001010100110101000101010101010111010101000101110000101001001011000010000100001001001000010010100001101001000010100100101110000001000010001000000101010101010011100111010101010110010101010100010011111101111111100000000000000000000000111111111000000011111111100000000000000000000000000100101
001010101000110001101000101010010011010100101111001100001010001000111100100101111000100001011010110010110111101001101001011010111110101101010011010101100101011010000010001000100101001100101111110110010010101001110101101010011010111010101011101100100000001100000000000000000000000111111111000000011111111100000000000000000000000000100110
111001101101111100010110010101001001101001100100001010100010111011001011001010101010101100001000101010111001101010110011001001111001010010110110101100101010001010100101000010111010010110101010001001001010101101101010101000100110101010101110000001001111111000000000000000000000000111111111000000011111111100000000000000000000000000100111
000011101010010100101010001010110010010001000111100100110010000010100001010000101010010101010010101000001001011010000010100000101101011010100010100000101000011010010101010110101001010101100011000000001010100010000010000010000010101010101100011010001010101000000000000000000000000111111111000000011111111100000000000000000000000000101000
000110101010010111111011101010010110010110100010000101011011011111010100011010101101001101101011101010100110101110001001000010111001100100010111111101011001110110101001100111110001100010010110000010100101001010000001010011100110001000001100001011011111111100000000000000000000000111111111000000011111111100000000000000000000000000101001
101010101010010110100010101010100011001001010110101100001000010101010101010011100101100101001011110000100000101101101010101010101110101010101010111010101000001010100101010101111011101100000101101000010000010110100110010100111100101011000010000001111101000100000000000000000000000111111111000000011111111100000000000000000000000000101010
011010100000100011100101010000000011010010111001100101101010000010010110100011101001001000111101001100000001100010100000001011111010100010101010001010100010101000101000000111000010101001010100001010101011011100101010101101110110101010100011100110111100101100000000000000000000000111111111000000011111111100000000000000000000000000101011
101010101000100100101000101010110110001110101011001100111010000010110100100001011011010110010011100000001101001110100010100001111010101010000011101011101000000000100110100010001010011010100000101001101001011111010100000010110010101010101100111110001110010100000000000000000000000111111111000000011111111100000000000000000000000000101100
001010101010001010110000101010011011101000011110001110101010101000101100000000101010100000010011101010001010001000101000010000011010101001001010110010100110101011010100011010111101010010101010010110101110101100101010101010111010001010101101000100001101110100000000000000000000000111111111000000011111111100000000000000000000000000101101
100000101010011000101010100111000010010000101011001100000110100101110100110010001111001011001011111110101101101110110000110010101011101011111011101010101100101010101010001010101010100011101010001001001010101100110110101010111001010101010011011011000001010100000000000000000000000111111111000000011111111100000000000000000000000000101110
010111001100011011111001110111100010100001001010011010001110101100101000101010111010001010101010001100001011011011010010100001000011010010000100101110011000000100001101011000011010010101011001001011101010110001111010101010001000111010100101001011110011100100000000000000000000000111111111000000011111111100000000000000000000000000101111
110010101011101000101011110010011011111001001111101011100100001010000010001110111001101101001011110010010100101001101101011010111100110101100010010010010001011110010001010100100110100000011111101011001010101100101011000010011010111010100011111110111010000000000000000000000000000111111111000000011111111100000000000000000000000000110000
000010110111101010100101010101011010101010011011101010101000101010001010001010101010101010101010101010001010100110101000011010101010110101001011101011010101101010101010100010101010100100101011101010001010101010101010101001100000101010101011010000111101010100000000000000000000000111111111000000011111111100000000000000000000000000110001
011010100011110100101010101010100010101001001011001010000001011100110010100101101000001010110111000000101011011100001010100100010101101010000001000110101100101010000010101001011001011000001011100001000000100000100000101010011010100010100010001100011010101000000000000000000000000111111111000000011111111100000000000000000000000000110010
101110111001110111101011100010000111010100101110011101011000111111110100001010110110001001101011101010100010101000001011000010101010100110100111101011011110111010101100010011100010010101111111101011010100100110111000000010101000000100101001010110101011011000000000000000000000000111111111000000011111111100000000000000000000000000110011
010010001000100000101010101010111010101010101010010010101000010001010000101101000101010110010101011101000101011101000001010100100100001000101010101000101010101110101000101011110110000010100100001000001000001011101001010100110110101011101100010110011000110100000000000000000000000111111111000000011111111100000000000000000000000000110100
110010100000110000100010011100100011101000011000001100000000010010010110100011110001001010101000000110001010100110010000100011111110101001001111001010110010100010101001101001111010100010100100001010110100011000101011010101001001101011101110101000011101000100000000000000000000000111111111000000011111111100000000000000000000000000110101
110010101010011010001000100100111011000010101011101000101010101110101010100010101001100101010111110101010001001010010100010101111101000001000111000101010101010010010100000100101000001010000010101010101010100001000010101010001110101010100011101000011101101100000000000000000000000111111111000000011111111100000000000000000000000000110110
000010101010110011001110010011010000000011010111011101000001011100010000110101011010000110010110101011101001011110010010010101111101101001010110110110100100001011010010000010100101011010100010010101000010101111010101101010101011010010100111001001111110110100000000000000000000000111111111000000011111111100000001000000000000000000110111
110000101010001101101010101010000010111011001011001101110111101100011011010010111110101100101000110010110101101100010001010100111111101101011000101010101001100010101010010010110010101100101010110001001010101101010000001010100001010101010100110000000010011100000000000000000000000111111111000000011111111100000000000000000000000000111000
001111010100011110101011011001010010101000010110111010101110001000101010000010111010101001001011101001000000101011111000101010110010101010101001001010101010100100110110100010001011010101010000001010000101000101101010101011101111001010101101111010011110101100000000000000000000000111111111000000011111111100000000000000000000000000111001
111010101010001100101010101010001011001001101011101111011001101100010010100010111011001011001011011100101100101111101011001010101010100100101010001001111100011010100110110101110011001010110011111100001010001111010011000010010010111010100101110110001111100100000000000000000000000111111111000000011111111111111111000000000000000000111010
001000110001110110101111101010101010110010101011000010001010001010001000101100101010100010001000001011100101101100101100100110101010111000011011101010001001101010101000100010101010101001000010101010100100101110101010101011100001101010101011101011100101110000000000000000000000000111111111000000011111111100000000000000000000000000111011
011011100110111010101010001010001011010000100011000101011010001100100000101010101000000011010010000101001001001000000110100001111000001010010100000100101101001110010101010110101001010100101011101010000011100110100000000010110010101010100111000101010101011100000000000000000000000111111111000000011111111100000000000000000000000000111100
101110101000010010101010101110111110100010100011111110010010011101010100010000101100100001101011001010010001101110001001001010101011100110100110001010110010101010100101101010011011001100101110100010101010100010110100111010101110000100100100010101011010101100000000000000000000000111111111000000011111111100000000000000000000000000111101
111010101110100111101010101000110010101010101000101010101010110011001010101001110001010010110110010100000101011011010000000010110101100000101011110010000001011010001010010000110111101000001000101010101010101111101010101010000100101010001111001000110111010100000000000000000000000111111111000000011111111100000000000000000000000000111110
000010100000101110101010010101011010100001010101101010110001011100110100000001011011000010100101101101001010110100110010110010100010111100101011001010110010110010001010101001101010010000101110100111000000111010101011010001001011111101101101100111110110101000000000000000000000000111111111000000011111111100000000000000000000000000111111
100010101010110001101000001000011000111000000011010010101000101110101010001010001010101000101010001010010010100000100100011111101001010001011011101000001000101010000010110010001101001011001001000000101101111010011010101011010110101010101000111111001100101000000000000000000000000111111111000000011111111100000000000000000000000001000000
011010101010011111111010110111101010101011010110000110100101011000010010110101011101010000010111100101000001010010010100010100100101001011010110110100100001010001010010010000100101011000001011000101000010101100010101101110010111111010101010001111011110101000000000000000000000000111111111000000011111111100000000000000000000000001000001
001010101011000101101010101010111010001100101001001100010110101110111001010100111110000101010011100000011000001010010001001000101100100100000011100010001010001010101010101000101010101010101011110101010011011110010101010011010101010101010010000001100101010100000000000000000000000111111111000000011111111100000000000000000000000001000010
111100010101010011111101000001011010100001111011001111111010101110110000001010101001010001101010001101010101111010010101100101001010010010010100101101101001010000110101110101011011110101010100001110111101100010101010111010110110101010100110011111101011110100000000000000000000000111111111000000011111111100000000000000000000000001000011
111010101000001111101011011010000001010101010010101000010000001100100000101010111010000010101011101000001010101100101101010010111000101100010111010110100101011110010010010011100100010001011010110101010100101001000010111110010010101010101011101010001100011100000000000000000000000111111111000000011111111100000000000000000000000001000100
011011010101111110010101000101000101010110100011010011101010111011100010101000111010001111100010001001000001011010110101000101101011000101010110100000010100011010101000100001111010010110101011001001011010101000101010001010110110101010101100000111011010010000000000000000000000000111111111000000011111111100000000000000000000000001000101
111010101000111110101010111010110010101001010010101010100101001110101010010010111110000011001010000000101101101100000010110100111100001011010011100100100001101110000001010010001001010000101010101010100010101100101000001010000010101010100001000001100011101000000000000000000000000111111111000000011111111100000000000000000000000001000110
101010101010110001101011101010000010010010100000110001001101011101010000011100111111001100001010001010011000100110001001101010100001100100110110111010010011111010101001001111111001000010000111100100101011000000001001000010010010000000111000010010011011110000000000000000000000000111111111000000011111111100000000000000000000000001000111
010010101010010011101111101000000101001000000010100100000101010111010101010101100101000010100110011010001010111111101000101010110010001010101010111100101010111010001001101000110011010100000111101010010100010110100101010001011110110100000101101001110111111000000000000000000000000111111111000000011111111100000000000000000000000001001000
101110001000101011110110010100001011011111110101001101010010010000010001001001001001010100100100100001001010010000110100100101111110001010010100001101001001011010110100100101111010100011010110101000010101011100111101010101001011101011101011110001101000100000000000000000000000000111111111000000011111111100000000000000000000000001001001
110010101010001001101000001010110010101100111011110100101000101000111010101010110010001000101010101010110010101000100001000001011001010111001011101011101001101010100110110010101001001011001111110100101101011110010010100100001010001010101010110001101001101000000000000000000000000111111111000000011111111100000000000000000000000001001010
011010101010100111010101000011100011110100000010001101000000001010010100011100001010000010100010100100101010111110101010000011101010101001000111011010110100001001011011001010101101101100100011010100001101100001010100111010010010110010101000011001101011001000000000000000000000000111111111000000011111111100000001000000000000000001001011
111000001101001001101010101011100010101010101001001010000010101000101000011010101010011001101011101000101110101100100110010010100010000011101011101010100110101010101010001010100010100100101011001010001010101010100100101010111101010111110010010000100111011100000000000000000000000111111111000000011111111100000000000000000000000001001100
001100011101001000110101010101101010100010110110101010101010001110101010001010110010100110101110101111010101111100000001111100011011010011010101000101011101100100110101110001010011000100001000101110011010000100101010101010000110101010100111000111001100110000000000000000000000000111111111000000011111111100000000000000000000000001001101
101010111010011011101010110010011011100010001111001100000100101110010010010010101010101001001010001010110100101100101001011010001101100100010110010101010100111011010100101100110111011010001011101001101010000010101101001010110010101010101011101100101111000100000000000000000000000111111111000000011111111100000000000000000000000001001110
010000100100100001010000101000110000101011101001101010001101101001100001110100101100000101010110100101010101001010010101010000101001000100101110100100011010101010101001001010100010100101101010001000010111101010101011101010100110101010101000100110001100010100000000000000000000000111111111000000011111111100000000000000000000000001001111
010010101110111010101010101010110011110100101011001111100001001010110101010101101001110001010111001000101001001111000010101011101001001000110010000011010111101110100001101000001011010110100001100001010100100100101001111110000010101010101111010010011000111100000000000000000000000111111111000000011111111100000000000000000000000001010000
000010111001000011101010101010010110000010000011110101000101011001010101110010110101101100101001101010110100101110101011001110110001100100110110111010011011111010101000100011100010001001111111100110101110101010010101000110100010000000101111000101100010011100000000000000000000000111111111000000011111111100000000000000000000000001010001
010110010000010111101010101010111101000000000111010101000101010001000000010100010110101001001011010010100000101000101010101010111110101010101011101010101010101010000010100011110000100001010110000100000101011110101000000100110100100011001011111001010111011000000000000000000000000111111111000000011111111100000000000000000000000001010010
000010101010100101100010010101100011101001010101010101001100100010010100010110010001010011101100000101000110110010010100001011111010011000100110101001001110011010010100100101100011010011010110001010000101011010101001010101001010100011101010010010001010000000000000000000000000000111111111000000011111111100000000000000000000000001010011
101010101010100110101010001010111110011011111010100001101010101110101100001010001010101001101010001111001110001000110111111111101011011111010110101001101110101110110010011000010101101001101110110110100110111100000110110011000010101010101000010001001011010000000000000000000000000111111111000000011111111100000000000000000000000001010100
101010100010110000100111011010000100010100101111011100010110101111000001011011001110100101101010101010010010101001101001011011101010110101101011011011010100001101101111010100110100101100010100110010110101000110101000101010011110101010101010110111001001000000000000000000000000000111111111000000011111111100000001000000000000000001010101
001010101011111101101010111110001010110010101001100110000000101110111000001010101001110101011010010100010101001111000010010100110101001101010111110110110101001110101011010001000011101100101011010010101000110110000010100001111101001000110000000110100000000100000000000000000000000111111111000000011111111100000000000000000000000001010110
011101000001011111101011000101101010101011010101111010110000101100101011001010111010101100001010001000010010101100010001101010011010100010101100001001011110110100110001001101000001010011010101001010101001010000111010101010000110101010101001011101001110001000000000000000000000000111111111000000011111111100000000000000000000000001010111
011010101010000010101000001110101011100000010010111100001101001000000010110010101000101001010011101010100100101111100000010010101110000100101010010101010010011111010100100011110001011010101010100101000000110010000110001010011010111010101111011101101101101100000000000000000000000111111111000000011111111100000000000000000000000001011000
110011101001110110010000010100111000010010010111000010001011111110101101101010101010000011001011001000001100011110010100010101100000000101010111100101010100011110010011011000101000101100101010001100010010101110101011001010100010101010100100000110101000000000000000000000000000000111111111000000011111111100000000000000000000000001011001
011010001010100000101010101010000010111001101011000011010001011110100101010101111000010000010111110101001000001101000010101010101001001010100010101001010010101010101000100100100000010111001010100101010100001110101011001010000010101010101011100010111010100100000000000000000000000111111111000000011111111100000000000000000000000001011010
010110111011000000101010101010110110001010010001111000100001011010001011000100111011000110101001001010010010101010001001001010110010101100000110100110010000111010111001011111001011010110111111100101000010000101010100100010011000000000101011110110101101100100000000000000000000000111111111000000011111111100000000000000000000000001011011
100010101010001001101100101100011101011010010011011001101100011010000100010000100100100101000011011010110100101001000010001010100100110010101011101011101010001110101001110110111011100101000101001010000110001000100000100010001110100000100100001100010000110100000000000000000000000111111111000000011111111100000000000000000000000001011100
000010101010111001100101010101101010010100010111101000010001110010001101100101110000100110000100100000011010110000000100111010100010111000101010001011010010110010110101001001001000000100110110101010001001011000101010100011100100100000101111111100100101111000000000000000000000000111111111000000011111111100000000000000000000000001011101
101010101010110010101010100010000110101011001011000000101100101000101010001010110010001000101100101010000101101100010100001101101010101011111011101011100110101010101110011011011111101001100111010010100011111101001111001010100010101010101001100100001011100000000000000000000000000111111111000000011111111100000000000000000000000001011110
110010101110110011010101000011000100000101001010010100000010001001000000101010011101001010101111100000101000101000000010000010111010001000000111011010101100101001101010010100111101010001001011010101000000101001001000011010100010001010101000011111000100100100000000000000000000000111111111000000011111111100000000000000000000000001011111
010001100011100000001010101011001010100000101011001100100010100001001010011010111010001011001011101100101100101000110110111010101011101001001011001010100110101110101010001010000010100000101011101001001010100100110100101010000101010111111101100111000101111000000000000000000000000111111111000000011111111100000000000000000000000001100000
011100110101011100110100000101111010101010110011011010001010101100101010001010101001001101011111101101110001011001010110101101011011010010100100001101010111010100111001000100011010010101010001001010101100100100101010101010111001101010101010101101000100100000000000000000000000000111111111000000011111111100000000000000000000000001100001
100010101010110011100011010110011010100001011010111110101111101110011000111110101000101011010011011010100110001001000000001010000001011011001010010110101001001011011010101011110000110101100010111111101010100110101010101010110010111010101111101001110100100000000000000000000000000111111111000000011111111111111111000000000000000001100010
110001010110100101010111010101100000001000011011101010100000101010000010001000101010011010100011101011001010001110000110101101111010010010010111100101100101011010010001010100111011000100001011001010001100100110101010001010100110101010001010010001010100000000000000000000000000000111111111000000011111111100000000000000000000000001100011
011010101011111010101010101010011010100000101000100100000010101000110000011010111001001011100101100110101110001011011010101100101101101010110110000111100101011010101110000000101010010100001011101010110010001110101011101010010010101010101001011100000001110000000000000000000000000111111111000000011111111100000000000000000000000001100100
001110100010111001101010101010001110010000100011000101010101011101010010110110101011100111001010001010110010100000101001000010101010100100010111110000010010111010101101001111100010100110110111100000000101001100000001000110001110000000111110110111100100110000000000000000000000000111111111000000011111111100000000000000000000000001100101
000010101000100100100000101010101101010001001010000110010101100101010001010010100100101000001011101010101000101000101010101010010010101010101001100011101010111010001100100101110010000001010110001010110100101001101001010100001100101100000010110101011111111100000000000000000000000111111111000000011111111100000000000000000000000001100110
001010101001111111101111111100000011010110100101000100010010010100010101011001110000000110101110000010011010110000000001101010101010100110100010001001011010000100101001101001110010100101010110101000000101011010100101000100111010100100101111000000011000010100000000000000000000000111111111000000011111111100000000000000000000000001100111
100010101010110111001010101100101001110010001000111011101010101110101011100101101010010101010110101000010111011110101000110101111011001101010011100101010110101010010110101110101001001010100110010000101000001011010010101010110010101010101010110101101001110100000000000000000000000111111111000000011111111100000000000000000000000001101000
011010101010111101011100000101010001100011011011100111010101001100110100001000111001010010101110101110101010101010100010101010111010101011001010011010100100101101101011001010001101000110001011010000110101100011011000010110111011010010101111111101001111111000000000000000000000000111111111000000011111111100000000000000000000000001101001
000010101000011110101010101010001010110000101000001101000101101100000100010110101110011001010010100001101100001000000110110000001101000011000110101100100101001110110010101010011101101010011110100110000001010010010101010101111001010101010001110110000110111000000000000000000000000111111111000000011111111100000000000000000000000001101010
010101010001010101110100000001110011110000100010111010101010101100101010011010100011100000101011000100010011101100110100101010001010100010101101101011000100000100101001000101011010000001010100101010100101010010101010101010100010001010101001011110111010111100000000000000000000000111111111000000011111111100000000000000000000000001101011
100010101010111000101010001010101001010101011011100101010101001100100010000000101000001001101010101010100010101010111011011000101101010100100110010000011010011010101000100100100111010001010010100101010111101010111100110110110010111010100010101010111101010100000000000000000000000111111111000000011111111100000000000000000000000001101100
001001011111100000010101011010100001000000101110001110001010111111001000101010101010000010101001001010001110111110100000101011101011010110000111101001001001001010101101110010110010100101001011001010010010100000101010101011011010101010101010001011101001100000000000000000000000000111111111000000011111111100000000000000000000000001101101
010010100010110110101010101010110010101001001000001011000101001110010010110000101000101011000111000000101100001010010010110100110001001001000111100101010100111010001101000100001010101010000011101111000000100100010101111010100110101010101011001100001111111000000000000000000000000111111111000000011111111100000000000000000000000001101110
110110101000111011101010101010100010010010101011011001000000100000010001001010101011001110101111101010101010100000101010100010000011101000011110101110100110111010101011011000001010101000101111101010110110100110001011000010011010100100100001011001111100010100000000000000000000000111111111000000011111111100000000000000000000000001101111
000110101011011100100101101010001001010010000111110101110000011111010110000000100101000001010010010110010101011101010000001100100101001010111011110000101001011010001010110101111010000101010100001010010101011110110001010110000010110100000000000110111101101000000000000000000000000111111111000000011111111100000000000000000000000001110000
010010101010001001101010010101101010101001000100101010100000000000101001001001110010110010100101101000101010110110100010101010100010100110101110101001011010011010110100100111111011010010101011101010011010101010101001010111010010011100101100010110001100000000000000000000000000000111111111000000011111111100000000000000000000000001110001
101010101000001010101000101010100000000010101001110100001010101110110000101000001010000010010011101000001010001000100110000001111010111010000011101001101000001010100110100000001011011010010010001100101000010110010010001010010011001010101101001110101000000100000000000000000000000111111111000000011111111100000000000000000000000001110010
011010101011000100010001101110100100100010001000010100101010101011100010100100111010100000000110101010000000001010101010010100101010101001010011110010001101101111010101001010111101000010101011110010101010100010101010101010011010101010110000111001100100000100000000000000000000000111111111000000011111111100000000000000000000000001110011
111010001001101010101010101000101010101010101000101100100110101000110011011010111101000011011011100001010101001110010001110000001001000110100011001000101000101010101010110001100010101010100111001010101010011110010101001101000101010101010111010100100001101000000000000000000000000111111111000000011111111100000000000000000000000001110100
101100000001010010110100011011000010000010100111011000001010001010101000101010100010000010101111100010001011001100010000100000011001000011000100000101110100010100000001010101011000001010110100101110101010100110101010101010101010001010101001110000000011101100000000000000000000000111111111000000011111111100000000000000000000000001110101
111000111110010101000010100010100100101010101110001010101010101010100010101011100010101010101110000110101010101111001010101010111110101010101000001110101000100000101010101010011010101010101100111010101010100111101010101011011010001110000011110011011101110100000000000000000000000111111111000000011111111111111111000000000000000001110110
110001000101110100110101010101100001000101010011100100000110101001000000011000111010000101101011001000110010101000101001101010100010000110000110101100101001001010100001010000111011000101001011001010010100101000101010101010010110101010101110011110101110101000000000000000000000000111111111000000011111111100000000000000000000000001110111
101010001001010011101010101010000010101100011001001010000000101000010000100100111000001010010001100100101011011011011010101001101101101010001000100110101000101010010010001101000001010011000011101100000010101100110001001010111110101010101000000110001110000100000000000000000000000111111111000000011111111100000000000000000000000001111000
010010111001101010101011101110111010011010010011010101010101011111010101100100101001100101101010101010010010101110101010001010100010100100101111100011110010101110101011001010100001010110101111100101001011001100010001000110010010000000101001100111001011010000000000000000000000000111111111000000011111111100000000000000000000000001111001
101010101010101001101010101010010001001010100011100101001011010101010000100100110100000001010111011010110100001010101011000000100110101110101011101000101010100010001010100010111001100010101001101101011001100111101001010001010110100100000110011010111110101000000000000000000000000111111111000000011111111100000000000000000000000001111010
111110101010111011101100000101110011010010010100101000010101000010010001100101010001010010010101100000100001110000100011010011101010101100001010101100011011111010010101000111110001001111010101001010100101001010101001010100001110100011101000110000111000100000000000000000000000000111111111000000011111111100000000000000000000000001111011
001010101010000100001010101000110010001010101011100000100010101000101000001010111010110101001110100101011100011010010101010111111011010101010011101010101100001010001010101010011001101010000010010001101010101100100010101010010010101010101110010101101111000000000000000000000000000111111111000000011111111100000000000000000000000001111100
011010101010000101010000000001111100100001011011010111001000101101000100101010111100001010101001100000100100101100011010010101101010101001010111110010101101101001010010110000101100000011000011000000101100101000001010001110101011001010101110000110001001010000000000000000000000000111111111000000011111111100000000000000000000000001111101
101010101101010000101010101010110010101010101010101110101000100000001101010010111110011101001010101000110101101101110011011110111001000001011010101010100010100110101011101010111010101010001011110010001001100000010010000010011101010101011010010001000100000100000000000000000000000111111111000000011111111100000000000000000000000001111110
001100010000000010100001010101001010100001010111111010010101001010101100001010011011010110101110101001101010111010110100101010010010000110101100101000010110010100000101000101000001010111010001101010011101101001101010011010010010101010100111110001101111101100000000000000000000000111111111000000011111111100000000000000000000000001111111
101010100001101011100101110110010010101010101010101100101010001000000000010100101000000101010010010000010101001001000101010110011110010101010010010101010100001111010100010101101000001010101011101010101010100010000010001110111110101010101011011111010110100100000000000000000000000111111111000000011111111100000000000000000000000010000000
110001101101101011010110010101011000001011001011110010110010101101100000001010111110011000001010101000010001111010110110000001111011011010110111101001100011011110100111001000111010010110001011101001011000101010101010101010100110101010100011001001111101101000000000000000000000000111111111000000011111111100000000000000000000000010000001
111010101010110011101010101010110010101001010010101010101100001110101010110100101111110010010110100100101001001101110010110100101101101011010011000100101111101010101100101010111000100000101011100111101110101010101100001010001010101010100001010100001011001000000000000000000000000111111111000000011111111100000000000000000000000010000010
011000101010011100101010101010000110111001000000001010101000011001000010110110111110001001001011001010111000101000001011001010001001101110101111101001001010100010101000100010001010000010101010100010111010100110000000101010101110100110101111100101010111010100000000000000000000000111111111000000011111111100000000000000000000000010000011
100010101011000001100001101010101001001110101010100111010100010111011100010101010101000100010101110100011010010001110010001011100110010010101011101100001010101010101011010011111010101111100100001010010100111010100101010110110010100100101010010010101111100100000000000000000000000111111111000000011111111100000000000000000000000010000100
100010001111101101100110010110100010010000010111001011000100010100010100101001100010010010100110000101101010010010100011001001110010010110101011101100010110101010101010010001110010001001100111101101010100000100110101011100011010100111101111100010101000010000000000000000000000000111111111000000011111111100000000000000000000000010000101
010010101010110001101010101000110011010010101001001000101010101110100000001010011001010101000111100101010010001010010100010111101100000101010110101000000100011010101010100100101010101010010010100010100101111001101000010000110010101010100000001110101001000100000000000000000000000111111111000000011111111100000000000000000000000010000110
101010101010101100000100010011000101101000010011001110010100111001000100101001001101111010101111100000101010111000011010001101011110101010110011111010101001001011001010010110111101000100000011010100000111101111010101001010001011000010100110101111001010111100000000000000000000000111111111000000011111111100000000000000000000000010000111
011010101101100001101010101000011010111010101011101001010101101010100001010010101100010110001010110100000100001110001001000100001001100000000010100010101010100010101010100010100010101010100010110000011001010100010001010100101001010101010001100011110001010000000000000000000000000111111111000000011111111100000000000000000000000010001000
110100010101000101101101010101111010110101010100101011010011111110101100101010110001001000101111001001011000101000001101001011001000000011011001001101010001010100111101110100001011010101011001101010110100101000101010101010000110101010100001001101111011111100000000000000000000000111111111000000011111111100000000000000000000000010001001
000010101000111000101010011010111011000101001010100101010100001110010100101010101000001000100011111000110110101100111011011010111101001100100111010010110000001110001011000100111101000100010010100101010100101001011011100010101010111010101111101010001111101000000000000000000000000111111111000000011111111100000000000000000000000010001010
010000011101110010011100100000111000101010101011001110101010101010001010001010101010101010101010101010100100101000101001010010111010110100111011101000001110101010111010011010110010100110101011101001101010110101101010101010100010101010100000000100010111000000000000000000000000000111111111000000011111111100000000000000000000000010001011
100010101110011100101010101011000011111011010011000100100101011110111011011010111011000011000010010101001101001101010110100100101101001000000010100100101000001110010100010000111001010101001011101010010110100110101011101010110010101010101011011000100001001100000000000000000000000111111111000000011111111100000000000000000000000010001100
010010000111101000101010101010001110110010010010101010001010001001000000110110100111001000001011001110110000101110101011001010010011101110101100111010101010101010100010101010001011011011101011000110101110100100000011110010100010000110100001010110000010011100000000000000000000000111111111000000011111111100000000000000000000000010001101
111010101000100100101010001010001010101011101011110010101001000011010000100010000101000011010011010110000101010101000000010000110110001000101011101000101010100010101110100010110010100011100001101011000000111100100101010100101110101010000110000110101001100100000000000000000000000111111111000000011111111100000000000000000000000010001110
111010101010101111101001010101100111001101101000100100000110100000010011011000111001111100101101000000111010110110010001011010111010110111001011101011011000011010010101100000100010000110010101001010111101011000101101010100101110100001101001111110101010111100000000000000000000000111111111000000011111111100000000000000000000000010001111
100010101010111011101010010100111001100001011001100000000010101100100000101001111010000101010111101010000101011100101000010101101011000001000010101100001100101010010101001010001001010010100010010101001000101111010010101010100111101010101000011111011000010000000000000000000000000111111111000000011111111100000000000000000000000010010000
001010101010101011101011010010111110101011001111011010101001011100101001000100101010110010110110101011000010011000101010100001111010101101100010110010010110101011010000011010101101001000101011010100110010101000011010101010011010010010100111100101101110111100000000000000000000000111111111000000011111111100000000000000000000000010010001
101010101010110001101010101011100010101010101100101100110000101110110000110010111000100001001010111000000101101110010010010110100111001001011011101010100100101010101010011010110111100000101010110100101010100000010000101001011101011001010101101010000110110100000000000000000000000111111111000000011111111100000000000000000000000010010010
001101010011000010100001011001010010101100110111101010101100001000101010010010111010111101101011101010011010101000000110101011011010110010110100001001001010010100100100001101000010010010011100101010000011000100111010101010000010101010101110001000000010110100000000000000000000000111111111000000011111111100000000000000000000000010010011
101010100010000000101010001010001000100101111010101010101111101000111010111100101001001011010010100010101101001010101000111010111101011100101110011100110110101010001110010110010110111010001010111010011110101001101101001010000010111010101001110101011110110100000000000000000000000111111111000000011111111111111111000000000000000010010100
101101010001101010010101000101111001001010111011000110100010101111001000001010101010100110001011101001001000001110100000100001111010010010010111101011000100011010100100010000110010010001001011001001100110101011101010101010100010101010101101010011101011010100000000000000000000000111111111000000011111111100000000000000000000000010010101
101000101010100100001010101010110010100101011111000101010101011110010101000011101100101010101011010000101000101110101010111000111000011001001011101000011000101010000001101000111010010101010010101101010101001010100000011010101010101010101011101111000110100100000000000000000000000111111111000000011111111100000000000000000000000010010110
010110001011100111101010101110011010001001010010111000110101010110001001000100101010101110001010101010011010101110101011000010111010100000111101100100110110100110100001011010001001010000101110000101001010101000010110100010100001000100100010111001111110111100000000000000000000000111111111000000011111111100000000000000000000000010010111
011110101010011111100101101010011101010100000000110101001010111001010100010010100101011011011001010101000101100111110100010100001101100011011011101010101101011010110010110101111010001101010101001111010101011010100101010101101110110101010110100110111111110000000000000000000000000111111111000000011111111100000000000000000000000010011000
111010100110111011101000010100001010101011010100101000001011010110100110101011111011100010101001101010010100100010101000010010100010101000101010101000101010101000100100100101000010100001010110101001000000110101101010101011000010111010101101011100000110011000000000000000000000000111111111000000011111111100000000000000000000000010011001
011010101010000011001010101000111010100101101011001010001000101100101000101010011010100000101011100011010101101100001101000000111010100001011011101010001100101010101000000010011100101010001000100110001010101011101010101010110010101010101010100000101111011000000000000000000000000111111111000000011111111100000000000000000000000010011010
000010101010100001000110011011100010010111000111100001100110011111001110111110001000111010100110100000100010111110101010010011111110101101010111110010100101001001000000110110111101111011001011001011101011101100111110101110010010010010101101101101101011001100000000000000000000000111111111000000011111111100000000000000000000000010011011
010010001110001100101010101000111010101010101011001010001010100110100001001010111100101101111010010010101010000011000101101000101101010010010010100101001000011010010010100000111010101001000010001010100100000110101001010101010000110101010111011010000011011000000000000000000000000111111111000000011111111100000000000000000000000010011100
100101000001011111110101010010010010100101101011011010010010101010101001001010110010000110101110100101001011000100010110101001010010000010000100101010010000100100101001000101011010101011000101000010101000000111011010101010001100000010101100111000110110100100000000000000000000000111111111000000011111111100000000000000000000000010011101
010010101010101111101010101010110000010101000000100101010101001110010100000100111010000010010011101010101010101100110010101010101001001010010111000000100101011011000100010011100101010101001011100001010101101101100101011010010010101010101001101111010001010000000000000000000000000111111111000000011111111100000000000000000000000010011110
101000010101101011011101010100101001100010001010001010101010101111001010101010111110101001101011001010010001101010101111101011111011010110011011101011100100101010100011011010111010000100101010001010001010101111101010101010010010001010000010011001001000100000000000000000000000000111111111000000011111111100000000000000000000000010011111
111010100011101000001010101010110010000100111011000000010010011100011010111001101001001011110111100110101010010100011010101101011100101010100000110010101000101010011110011000001000100000000011100110110001001100110010001110100010101010101011011100110011011000000000000000000000000111111111000000011111111100000000000000000000000010100000
111110001010111001011010101000000110110011101001001010000010101100100010001010110010001100101010101110100010110000111010101010010011101000101111101010100010110010101001001011001010101000101111001010000010101000101101011010100011100100101001010110110011001000000000000000000000000111111111000000011111111100000000000000000000000010100001
111010101010111111100101001010011101010000010011110101010101110111110001011000110110101001101010101010101010101000101010101010110010101010101001000110101010011010011000000101110001000101000011100100000001110001110100000000010100101010111101010111101010000100000000000000000000000111111111000000011111111100000000000000000000000010100010
011010100001111000100001010101010010000101010110101100101010011010100100101011011010001010101101001110000000100010101001010010110010101000101011101000001010010010110110100000011010000001111111101000110001101100101010101101011000101010101000100010001001101000000000000000000000000111111111000000011111111100000000000000000000000010100011
101010101010110001101111101010001001010100101011101101001010101110110100001000001011010101101011101100010000101110100101010010011010010011010011101011001000001110101000010101100010100101010010000010010101000001010011000010000110101010100111000110100010110100000000000000000000000111111111000000011111111100000000000000000000000010100100
111010101010101101010111001001011101010100100111011101011110101001100001011010011101000001100011111001000110101010101011011000110110101101100110111010010101101101101001000001111100100100010111000010110001011011011010000000101010111010101110101000100000101100000000000000000000000111111111000000011111111100000001000000000000000010100101
000011101010110000101010101010010010111110101100001011010101101100110101010100101111010100001011100010011000001000001000011000111100110010000011110011001000011110101011001001100010101110011010010101110101011101010101010101110101010011010000010111100101000100000000000000000000000111111111000000011111111100000000000000000000000010100110
000100011011010101110101010101001011001000111010001010001010101110101010101010101010100001011010101101010001011001010100100101001000010010110101000100001001010000011001111101010011010001010101001110101101110010111010101010100101101010101000101101101101001000000000000000000000000111111111000000011111111100000000000000000000000010100111
010010101000010000100110101010100011110110101011101011000110101010111110011010111010110101101011111010010010101101101010001010100000101011011011000110101101011010100110111101100010010011110111101010101100101001001000101010001010101010101001010010000100010000000000000000000000000111111111000000011111111111111111000000000000000010101000
100111110101110111010100110111000001010010111011000100001000101001010000101010111110110010001010101110001001011110101101010101111011010101010111101111001101011110101000100001110000110010100010101001001000101101101010101010001010101010101111110010101011110000000000000000000000000111111111000000011111111100000000000000000000000010101001
100011101000011000101010101010010010110101010010101010000100001010100000011010111010100001101011000000001000101100011010110100101001001010010011100000101001010010000101010100110011010110001011101001001010001010111010101010100010101010100010100011011101100000000000000000000000000111111111000000011111111100000000000000000000000010101010
111010011010011010101011101010100111000111010010110101100001011101010111001100111111101100101011101010110010101100001010001010111010100000001110001001010100111110000100001101110001110101011110100100000101001110000010001010000110000000101010101100011010000100000000000000000000000111111111000000011111111100000000000000000000000010101011
000010001000100011100010001000000000010001010011010101000001010001010100100100100010100011010010011010000000001100100010000000100110011010101011101101101010101010010110101011110011010000100101101111000010101110111000010000110100100101000110101000011111001000000000000000000000000111111111000000011111111100000000000000000000000010101100
000010101011111101100010101000110010000010101101000100000101100010010000000010101001001010100011100100101010100010010000101000100010001001000011101010100100101000101001001011101010100010101110101010100101011110101010010101010110101011101101000000111101101100000000000000000000000111111111000000011111111100000000000000000000000010101101
110010101010010110001010101010010111010000101010100100000010101000101000101010001010000110100011101101010001010000010000100101101011100011000110101011001101011000100010101001110011001010011111110100101010001101010100101110001010101010101001010111001101001000000000000000000000000111111111000000011111111100000000000000000000000010101110
000010101010001000011111001111100101111101001101110101000110001001010100010100001000010111100110101001001010001011100010000001111110101101011011110010110100101001001001001000101000100110010011010010010101100101001001010010100010110010101100111101110110101100000000000000000000000111111111000000011111111100000001000000000000000010101111
000011101101000111101010101010000010110010101000100010001010101100001110110011101000100101000011110101010101001101010001010100110101001110000111100100110101011100011001010001010001001010101011100000101010101110100010101010110001010100011110101111000100010100000000000000000000000111111111000000011111111100000000000000000000000010110000
101101010100011100101101001011101010101010110010011010101000101100101010000010110010101101001010001010110000101100010111101010001010100010101001001010001010100100100101010101011011010101010100001001000110010001111010101011100100101010100000111010001011100000000000000000000000000111111111000000011111111100000000000000000000000010110001
011010101010101110101100001010101010110101101011101111101010101000101111111010111010111101101011001010110010101001101010001010111000011001011011001000101101101011110110100110110011000111101010001001111110101011000110001010101010111010100000010000110010110100000000000000000000000111111111000000011111111111111111000000000000000010110010
110001011111110100010101101100101001001010101010001001011010111010100000101010101010110010001011101001001010111100100100101001111011000110010110101100011001001010111111110110111010100100101011101010110000100010101010101010110110101010100101000101111011111100000000000000000000000111111111000000011111111100000000000000000000000010110011
100000101111000000101010101010010010000100101001100100000100111010001110111001111000001010000111100010101011011110011010101101011101101010000011110010101000101110110010110000110000010001100011101100000100100100110000001010110010100010101101000101000010100000000000000000000000000111111111000000011111111100000000000000000000000010110100
011110001001001001101010100110101010011001010000110001000001011000010001100100101010101110101001101010111010100110101001000010010010110100100110100010010110111010100011000010001011010110101111100001001010000010100101101010001010000100100010111111011110110100000000000000000000000111111111000000011111111100000000000000000000000010110101
001110111000101011101011101100010100101101010010110010110101011111101001010001000100110101110111011011010010111011100001011010100010000101101010101000010010001010100001001010100011010100111100101101001010001110100100101110010100101010001110011110011101011000000000000000000000000111111111000000011111111100000000000000000000000010110110
011010101010010000101010000111010010010011010111001000011001010100010000100101111001000010110110100101110001110110100011001001110010000101101010101100110010000000100101001001101001001100100010100101011100011000101010001000000110100110101011000111010000011100000000000000000000000111111111000000011111111100000000000000000000000010110111
110010101010000111001000010110110011101010001011011110100010101110101000100100111000000011010110101011000101010010110100010101111111010101010110100100000100001110101000000000110001000010100010100101101010001001010001101000010111101010101100001011101100010000000000000000000000000111111111000000011111111100000000000000000000000010111000
000010101010110011101000101010000110101010101011001011101010101010101010010110111010100100010010101010000001001000101010110101101010101000001010110000010000001001010101001010011101001010101010010010101010101010101010101010001011010010100111000110010001000100000000000000000000000111111111000000011111111100000000000000000000000010111001
101010100010010011101010101011111010001010101000101001010101101000110101010100111110010000000011001001101000100101010110001010101001011101100011101000110010111010100011100101110010001101010110110101010101011011010101010101110101010101010010000010000101110100000000000000000000000111111111000000011111111100000000000000000000000010111010
111110010101000111101100010001100010101010111011101010101011101010101001000110101000100101001110100101011001011010010000111011010001010110110101100100011100000100110001010010010010000100101100001000011000100110001010101010011101101010100110011000111101000100000000000000000000000111111111000000011111111100000000000000000000000010111011
101010101000110111101010001010110011010000000010111100001001001000010000010101101010101001010011001010100010001111100001001011111101010110100110010001001010011110010100100100101001010001001010100101000100101001110110111010101010101010100100110111001010001000000000000000000000000111111111000000011111111100000000000000000000000010111100
101000001101111001000000010000110000001010101011001010101100101011100000110110111000010001010011100010010100001110000001010001101001000101010110100100010001011110011000001000101010100100100011101010010010101111101010101010111000101010100011101100011111011100000000000000000000000111111111000000011111111100000000000000000000000010111101
011010101010110100101010101010010010101010001011100010101100101010100010010011101010000011011011001011101101101110110110110110111011001011001000101101100100111000100100100000110000100000010011101010000110000010100010010111101010101010101110001010101100000000000000000000000000000111111111000000011111111100000000000000000000000010111110
001110001010100001101010101010011010000010101011111001010001011110000001001010001111000110101011001010011010101100101010100010111010101010011111001010100111111110101010001011000010101001101110101010100010100000111010000010101010100100101010001001101101000000000000000000000000000111111111000000011111111100000000000000000000000010111111
001010001001010000101010101010100011101010101000010010101001001111010100101101100101010110010111010001010101011101000101010001110100001000001010101000101010101010101010101011110010101000110101001000101110011000101000110100000010101011011001001010011010101100000000000000000000000111111111000000011111111100000000000000000000000011000000
101010101010001111100100010101100010100101010100101101001010010010110100101011101001001010101001101100100000100000101001000010111010100010101010001000101010100000100001000001101010101100000110101010100001011110101010101101010000101010101100100100001011000100000000000000000000000111111111000000011111111100000000000000000000000011000001
010010101010101000001010110100010011000001011111100100001010001110100000101000111010000100010110101010001101011110000000010101111110000101010010101100000100101010010100001010011101010010100001110100101010001101010000101010101010101010100010010101101010100000000000000000000000000111111111000000011111111100000000000000000000000011000010
010010101010010000000000010010111000000000000110000100000010001010000110101010011101001010101011010110101010101110000000000000111010001011000111011010101101001101101010110000111100000011010011010101001101101101010000010100110011001010100011101001101001000000000000000000000000000111111111000000011111111100000000000000000000000011000011
010010101000000100101010101010001010101010101001101111000010101010000100011001101101101001111001111000101001101101011100100000101101000010011011100100001101101010110010110011110010101001001111101010100000000110101001000001110011010101010000010101100011101100000000000000000000000111111111000000011111111100000000000000000000000011000100
101100000100001110110000010111000010000000100010111000001000101011101000001010110010000010101011101100101010011100000000100001001010011010010000000101100101010100010110010001010001101010101001001010101010100111101010101010000001111010100111011010001001111100000000000000000000000111111111000000011111111100000000000000000000000011000101
101010101010110111100110101010101001010101001010101011010010101100010100100110101011010011010011100101000101001100111010101110101101011001010110000000100101111110010011010001100101001110101011101001010111100101000101110111100010101010100000001011001010010100000000000000000000000111111111000000011111111100000000000000000000000011000110
101101101010101000011101101101011001010010010011100101101000111010011010101010111001001110101010101100101010111110010010001011111011100101110110101101010111011010100110100100111010100101001011001010010100101000101010101010111000001010100010000010101101110000000000000000000000000111111111000000011111111100000000000000000000000011000111
100010100001111101101010101010011010101011111011101010100110001100101010111010101010110010011010001001101100101100110110110010101111001011001010001100100110101010100000001010101010010110101011101010011010100110100101101011100010101010100100110010010010011100000000000000000000000111111111000000011111111100000000000000000000000011001000
011110001011010101111010101110000110100001000001001010111011101101010010100010111101101010001011101010100000101100001011101010110001101110100111001101011010110110101000101011010011010010101110100000001010101010000100101010010110000110100110010000111001110100000000000000000000000111111111000000011111111100000000000000000000000011001001
000010101001011110100101101010101001010100100110010101000010111001010100010101010101011011010100010101100101011011010100110101100101010010010010111010001001011010101010010101101011101101010100001111010101011000100101010100000010100101000101011111011101100100000000000000000000000111111111000000011111111100000000000000000000000011001010
010110100010100100101010100101100010101010100111001010100001001100101000000101000010110000100001001001101010010010111010101011110010100000100010101001001000101010100110101010000011011010101000101001001010100010100101001001011110010100110011101101010101101100000000000000000000000111111111000000011111111111111111000000000000000011001011
011010101010101100101010101010101010010010111010011010011011101100101010101010100010101010101010101000000010101100010001000101111001100111000011101010011000110010101001100011011010110010110111001011001001011001100100101010000010101010101011011110001111000100000000000000000000000111111111000000011111111100000000000000000000000011001100
011010101010000001010111011110001101010110100111110100010010001101010001001000001010000110100110101000001010111000100011011011111010101101000010110010110100011011001011010000011100101101000010010000100101001101100010101100110010111010101100011100111110101100000000000000000000000111111111000000011111111100000001000000000000000011001101
000010101011010001101010101010000010101010101011101110000000101000111001010010111011010001010011110100100100001110000010010000111001011001000110000100101001011010110010011000001011101001010111110101101010100001010100100001000101010101010000000011100001111100000000000000000000000111111111000000011111111100000000000000000000000011001110
001100110100011000100101010011011010101011101011011000000110101010101010001011111010101010101101101000101000011011010110100000001011011010011100101001010100010100000001100101010000100001100101001010101010110000101010101010111011101010101101000110101011101000000000000000000000000111111111000000011111111100000000000000000000000011001111
100010101010000101101001101010011001010000101010100101011010001010010010100100101001100001011010100010010100101111111011001010101101001100010011011100110101011010010010010010110100101000000110101011010010101111110010011010111010111010101111010111001000011100000000000000000000000111111111000000011111111100000000000000000000000011010000
000011110101111001010101001011100001010010101010100100000010101000000000001010101010100000100011001010001010011000110100100101011011010001010110101101000101011010110010110001110001010010101011001010100100100000101010101010000010101010101110101000001110001000000000000000000000000111111111000000011111111100000000000000000000000011010001
100010101010011100101010101010111010101100100011001010010100101010100100010000111001001001010110100000101101001101000010100101111000101001000010100011010010101010100101001000010000010010101010000101001000101001000101011010100010100010101000000001001001010000000000000000000000000111111111000000011111111100000000000000000000000011010010
010110111010000011101010001010000110110011010010101010101010001011101010100000110110101001001010101010100000101010111011101010010001111110101111001010111010110110100000101011011010001010101111100101111010111000010011100010101110100110111010110110100000000000000000000000000000000111111111000000011111111100000000000000000000000011010011
001010101100010001101010101010010011101010101010110100101010011011101010101100100101000010010111010101010101011001000000010000110100001000001011101000101010100010100010101010110010001010101000001001000010101001101101010100110110100001001010001110011011110000000000000000000000000111111111000000011111111100000000000000000000000011010100
100110100011101110100010100111011010001001000001101110000001010000000000100001100001101010101001100100001010100110001010110110101110101001001011001010010010111010101100101010011010100010000100101011000101011110101010110111001110101011100101110100101000001100000000000000000000000111111111000000011111111100000000000000000000000011010101
111010101010110100001110100000000011010010001010101101101110101000110101101010111011001101101011101000011100101100010100010101111010010100010111101011100100001010101010100101100000001001010011110000110100010011000010101010110010101010101101001101001001110100000000000000000000000111111111000000011111111100000000000000000000000011010110
010010101010100000010011110110001111001101010111101100000101011111111100110101001001010111010111100101000101011000010110010100001111001001010111110101100001010101010110100000100101011110011010010101011010101111010101111010001011010010101000000000111011100000000000000000000000000111111111000000011111111100000000000000000000000011010111
110100110001101101111010101010100010100000001001111000000010101100101000000010100010010001001010101011000110101000101010011010011010101001101011001010110010101010101000101010110101000010101010110100001010100010010000101010000001011110100011001100101001011100000000000000000000000111111111000000011111111100000000000000000000000011011000
011100010011011001110101100111011010000110100110011000011000001100101001101010100010000110101111001000001010111100001010100000001010001011010100100101110101010100000001010001011000001010010101100110101010110110101010101010100000111010100000011011011100011000000000000000000000000111111111000000011111111100000000000000000000000011011001
010010101000111110101010100010010010101001011011001000101001001010101011100100101011101010010011101010101101001110101011001010001101000110101111011111110010101110000010011010100100100111101000110100001010101001100000101010000010101010100001000110100000001000000000000000000000000111111111000000011111111111111111000000000000000011011010
111000000101100000010000010110001001100000110010100010001011011100001000101000101010101011011010101010010101101010110101010111110001000101010111100111011000011010101000101000101010010001101010101001000100100110101010101010000110101010101011011001101010101000000000000000000000000111111111000000011111111100000000000000000000000011011011
011010100001111001101010101110111010100001001011100100010100101000000000100010111001001010001010100000101100101100001010101001111100001010000011100000101010001010110110011000110010000100000010101001000000101010101101010010111010101010101100110100000000110000000000000000000000000111111111000000011111111100000000000000000000000011011100
111010001011111101101010000010010110010010001001101000101100111100000100011010111010001000101011101010100010100100101011001010111011101100001010100010110000101010101011000000100010101010001011101011100010101000111110000110101010100100101101000100101000100100000000000000000000000111111111000000011111111100000000000000000000000011011101
001110101011111000100101101000110101010010010010010101100010110111010110010000000101000001010000010100000101011011010000100101000101001010110010110000001011011010110100100101101011001000010010101000100101011100110011010100000110100101011011111101011000000000000000000000000000000111111111000000011111111100000000000000000000000011011110
000010101010100011100011010101011010000011010110000000001101010010000010100101011001001011010000100000110101010110101001001010101010000101101011001000010110100010000001011011111000010100101011000100000010011000111011100100111010100010101001110011101100001100000000000000000000000111111111000000011111111100000000000000000000000011011111
011010101010100011100010110010000011000001011010100100001000101110101000000001101010100110010111101010010001010010100100110101111110010011000010101100000100101010110010101000101001010010100010010101001000001100010100101010011011101010101000101000001111011000000000000000000000000111111111000000011111111100000000000000000000000011100000
111010101011110100010010010001001001000000100110110100000000001000010000100010001110001010100111110100001010101100010000100010101010000010100111001010101001111001101010110010101110100001001011110101000100101101010100000010110001010010100001001110111001001100000000000000000000000111111111000000011111111100000000000000000000000011100001
111000100011111010101010101010110010101010101111101010101010100011001001001000111100000101101011011000111010101011010101100000001101010010010011100100001000100010100010100110100010101000000010001010100000100100101011010000000001110101010100101100100010001000000000000000000000000111111111000000011111111100000000000000000000000011100010
000100000011001011101010101001111010101001010110111010100101011100101000010100110011010010110111100101001011011110010100101001011001000110101100101110010100110100100001010001011010000100010101101001000000000000101010101010110100101010101100100100110110011100000000000000000000000111111111000000011111111100000000000000000000000011100011
100010111010110111101010011010010010100001001010011010101100101010101100110010101010100011001011101010100110101100101000001010111011100000101010001101000010101011101010010010010001001001100011001100000010100011100000101010001010111010101111001010001011001100000000000000000000000111111111000000011111111111111111000000000000000011100100
001001010111111011001111000110001011101000101000001010100010101111101010001010101010101010101011101010101100111110101001000010001010100100011010101011001100101010101000001010101010100110101011101000001010100110101010101010110100101010101110110101101011000100000000000000000000000111111111000000011111111100000000000000000000000011100101
110010100010000110101010101010101010111101010100101010010101001000001010011000111000100000001010100010101000101000010010010000101001101001010010100001010101011010010101110100110000010101010010101100111110100110101000000010111010101000100110110001100010000100000000000000000000000111111111000000011111111100000000000000000000000011100110
000110111000001011101010101110100111000000010010110101001010111111010100011010110100001001001010101010110000101110001001001010100000100100110111101011010011110110101010100111100011001010101111001010010011001000100000010010111010001100111010111000101011000000000000000000000000000111111111000000011111111100000000000000000000000011100111
011010101111010101100110101100001100001101010111000010100101011001001001111001000100110101000100011001010110111111101001011010110110100101101011101100011010101010110101001000000010010100000100101101000000001001101100001000110010001010101011100100111010111000000000000000000000000111111111000000011111111100000000000000000000000011101000
100010010010011110100100000101100011010001000001000011000010000000001000101101000011010010110100100101100011010110010110010101111011010010010011101101001001010010000100100101110010100101010101101101000101000000111000010100101010101111101010100111100000111000000000000000000000000111111111000000011111111100000000000000000000000011101001
101010101010101001001010101000111010000010001011101000001010101110100001001000101000000100001010100101011001100100110100110000111011000001010111101001000101011010101010101010111000101010010110100010000101001100011001010011101010101110101010101001101100100100000000000000000000000111111111000000011111111100000000000000000000000011101010
010010101010001010011000010001010100100000111010001110010101101000101100000001000001000010101111101101101010101010100000111010110010101010110110111010101001101001001010010110101100101011001001110101011100100100010101001010011010011010101001101011101001101100000000000000000000000111111111000000011111111100000000000000000000000011101011
010010001100010000101010110010100010101010101101001010010010101010001000011000101100000001111010100110000111000010011000001100011101100010110010100100101011001010010010100000111010101000010011101010001000010100100100110101110000111101010011101111100010111000000000000000000000000111111111000000011111111100000000000000000000000011101100
111101000100000111110001000111111010000000000101011000001010101110101000001010100010000010101001000100001010101101000010100001000010011011010001100101100101010100010000010101010000101010100101000110101010100100100010101010101001001010101011010001011111100000000000000000000000000111111111000000011111111100000000000000000000000011101101
001010101010100001101011011110001001000101000011101010010001001010000001001000101010100010100010101001001010101101100101010010111010010101010011000000100100001110001011001011100101000100010011110000010100101101011011100110011010101010100000001000111110100000000000000000000000000111111111000000011111111100000000000000000000000011101110
001101010101101001010101010101110001010011010000000100100001001001010100101110101011000011011010101010001010101100101000100001101010100010010010101000000101011110100101010101111011010101110011101101010010101010101010101010100110101010100010010110000110110100000000000000000000000111111111000000011111111100000000000000000000000011101111
100011101011110010101010101010100011100001101010000100000010001000001100000000101010011011000011100001101001001000010010100101111001001010010011101100101101001010010100010010101000000001001010100110001000001001111010010010101000101010101111110100011010111000000000000000000000000111111111000000011111111100000000000000000000000011110000
011110111011100001001010101010100010010110101001111000010010100110100101001010100011100110101000011110101010101000111010100010101011101000001111100110100110110110101011001011110010101000101111001010110110101100101011000010001101000100100100000011100011010000000000000000000000000111111111000000011111111100000000000000000000000011110001
010010001000001011101110101100011010101011010111000010100101010001001011011000101100100101010111011000110010011101000001011010100111000000101001110001011010001010010101101001100001010010101001101101101111111100100000010110111110001011000011011010001001101100000000000000000000000111111111000000011111111100000000000000000000000011110010
101010101010001101100101010101001010100010010101101010000011011110101011100001001010001010100101001010100010110110101001101010110010010010101011001001001010110100110110100001010011011100011110101001100000101000101000000101111010101000101011100010111101000100000000000000000000000111111111000000011111111100000000000000000000000011110011
110010101010011101001000101010100011101010101010101010001010001100100000011010101001010101111010100101001111001010010101000110111001000001010111101111010101011110100000000101100010101010001001101010101010011011011010000010000010101010100110110100111011000000000000000000000000000111111111000000011111111100000000000000000000000011110100
010010101010111110111100111011111010011011011110000101011001001100010101100101101010010010010110100000101111011100011010010101111110101101000110110110010010011101010110100100101101011011011011010101001000101101010101101110001010011010101011100101011010000100000000000000000000000111111111000000011111111100000000000000000000000011110101
110010100110100011101010101111110010101010101100101010100010100111001101001010111100000001101010100110000110100011001100011000001101000000110010100010101011001010100010101111111010101010101011101010001000001111100110000001111001111101010110100011100011010100000000000000000000000111111111000000011111111100000000000000000000000011110110
111101010100010011100101000001110010101011010011101010101000101100101011000010101010100100101010001000001000101100011100101110001010101010101000101010001010100100101101000101000001000101010101001010000101000110111010101010100111101010101001011000111000011000000000000000000000000111111111000000011111111100000000000000000000000011110111
000010101010110011101001111010100010010000001011001101000101001010000010010100101000101001010011101010010001001010101011001010001111100010100110010101011000011010010100100000110101010010001011101001000111001110000101010110111010101010101100000001011100011100000000000000000000000111111111000000011111111100000000000000000000000011111000
110000110101101010110001000010000001001010101011001010101010101011101000101010111110101001001010001011000101101000101111000110101010011010011011101000101111101010101010001010111010110110101011101101101010100000101010101010001110101010001011000110000001100100000000000000000000000111111111000000011111111100000000000000000000000011111001
000000000000000000000000000000000000000000000000000000000000000000000000000000000000000000000000000000000000000000000000000000000000000000000000000000000000000000000000000000000000000000000000000000000000000000000000000000000000000000000000000000000000000000000000000000000000000000000000000000000000000000000000000000010000000000000000
000000000000000000000000000000000000000000000000000000000000000000000000000000000000000000000000000000000000000000000000000000000000000000000000000000000000000000000000000000000000000000000000000000000000000000000000000000000000000000000000000000000000000000000000000000000000000000000000000000000000000000000000000000010000000000000000
000000000000000000000000000000000000000000000000000000000000000000000000000000000000000000000000000000000000000000000000000000000000000000000000000000000000000000000000000000000000000000000000000000000000000000000000000000000000000000000000000000000000000000000000000000000000000000000000000000000000000000000000000000010000000000000000
000000000000000000000000000000000000000000000000000000000000000000000000000000000000000000000000000000000000000000000000000000000000000000000000000000000000000000000000000000000000000000000000000000000000000000000000000000000000000000000000000000000000000000000000000000000000000000000000000000000000000000000000000000010000000000000000
000000000000000000000000000000000000000000000000000000000000000000000000000000000000000000000000000000000000000000000000000000000000000000000000000000000000000000000000000000000000000000000000000000000000000000000000000000000000000000000000000000000000000000000000000000000000000000000000000000000000000000000000000000010000000000000000
000000000000000000000000000000000000000000000000000000000000000000000000000000000000000000000000000000000000000000000000000000000000000000000000000000000000000000000000000000000000000000000000000000000000000000000000000000000000000000000000000000000000000000000000000000000000000000000000000000000000000000000000000000010000000000000000
