000000000000000000010001000000
000000000000000000010001010000
000000000000000000010101100000
000000000000000000010101110000
000000000000000000010110000000
000000000000000000010110010000
000000000000000000010110100000
000000000000000000010110110000
000000000000000000011010110000
000000000000000000011110100000
000000000000000000011110110000
000000000000000000100010100000
000000000000000000100110010000
000000000000000000101010000000
000000000000000000101010010000
000000000000000000101110000000
000000000000000000110001110000
000000000000000000110010000000
000000000000000000110101100000
000000000000000000110101110000
000000000000000000111001100000
000000000000000000111001110000
000000000000000000001001010000
000000000000000000001001100000
000000000000000000001001110000
000000000000000000001010000000
000000000000000000001010010000
000000000000000000001101010000
000000000000000000001101100000
000000000000000000001110010000
000000000000000000010010000000
000000000000000000010010010000
000000000000000000010110000000
000000000000000000010110010000
000000000000000000011001110000
000000000000000000011010000000
000000000000000000011101100000
000000000000000000011101110000
000000000000000000100001100000
000000000000000000100001110000
000000000000000000100101010000
000000000000000000100101100000
000000000000000000101001010000
000000000000000000101101010000
000000000000000000101101100000
000000000000000000101101110000
000000000000000000101110000000
000000000000000000101110110000
000000000000000000101111000000
000000000000000000101111010000
000000000000000000101111100000
000000000000000000110001010000
000000000000000000110001100000
000000000000000000110001110000
000000000000000000110010000000
000000000000000000110010010000
000000000000000000110010100000
000000000000000000110010110000
000000000000000000110011000000
000000000000000000001110010000
000000000000000000010010010000
000000000000000000010110010000
000000000000000000011010000000
000000000000000000011010010000
000000000000000000011110000000
000000000000000000100010000000
000000000000000000100101110000
000000000000000000100110000000
000000000000000000101001110000
000000000000000000101101110000
000000000000000000110001100000
000000000000000000110001110000
000000000000000000110101100000
000000000000000000001010000000
000000000000000000001101110000
000000000000000000001110000000
000000000000000000010001100000
000000000000000000010001110000
000000000000000000010010000000
000000000000000000010010010000
000000000000000000010101010000
000000000000000000010101100000
000000000000000000010101110000
000000000000000000010110000000
000000000000000000010110010000
000000000000000000010110100000
000000000000000000011001010000
000000000000000000011001100000
000000000000000000011001110000
000000000000000000011010100000
000000000000000000011010110000
000000000000000000011101010000
000000000000000000011110110000
000000000000000000011111000000
000000000000000000100001000000
000000000000000000100001010000
000000000000000000100010110000
000000000000000000100011000000
000000000000000000100101000000
000000000000000000100101010000
000000000000000000100110100000
000000000000000000100110110000
000000000000000000100111000000
000000000000000000101001000000
000000000000000000101001010000
000000000000000000101010010000
000000000000000000101010100000
000000000000000000101010110000
000000000000000000101101000000
000000000000000000101101010000
000000000000000000101101100000
000000000000000000101101110000
000000000000000000101110000000
000000000000000000101110010000
000000000000000000101110100000
000000000000000000110001010000
000000000000000000110001100000
000000000000000000110001110000
000000000000000000110010000000
000000000000000000110010010000
000000000000000000110101100000
000000000000000000110101110000
000000000000000000001101100000
000000000000000000010001100000
000000000000000000010010110000
000000000000000000010101010000
000000000000000000010110110000
000000000000000000011001000000
000000000000000000011001010000
000000000000000000011010110000
000000000000000000011101000000
000000000000000000011110100000
000000000000000000100001000000
000000000000000000100010100000
000000000000000000100101000000
000000000000000000100101010000
000000000000000000100110000000
000000000000000000100110010000
000000000000000000100110100000
000000000000000000101010010000
000000000000000000101010100000
000000000000000000101110010000
000000000000000000101110100000
000000000000000000110010010000
000000000000000000110010100000
000000000000000000110110010000
000000000000000000001110010000
000000000000000000001110100000
000000000000000000010010010000
000000000000000000010010100000
000000000000000000010110000000
000000000000000000010110010000
000000000000000000011010000000
000000000000000000011010010000
000000000000000000011110000000
000000000000000000011110010000
000000000000000000100001110000
000000000000000000100010000000
000000000000000000100101110000
000000000000000000100110000000
000000000000000000101001110000
000000000000000000101010000000
000000000000000000101101110000
000000000000000000110001100000
000000000000000000110001110000
000000000000000000110101110000
000000000000000000001101010000
000000000000000000001101100000
000000000000000000001111000000
000000000000000000010001010000
000000000000000000010011000000
000000000000000000010101000000
000000000000000000010110110000
000000000000000000011001000000
000000000000000000011010100000
000000000000000000011101000000
000000000000000000011101010000
000000000000000000011101100000
000000000000000000011101110000
000000000000000000011110000000
000000000000000000011110010000
000000000000000000011110100000
000000000000000000100001100000
000000000000000000100010010000
000000000000000000100110010000
000000000000000000101010000000
000000000000000000101010010000
000000000000000000101110000000
000000000000000000110001110000
000000000000000000110010000000
000000000000000000110110000000
000000000000000000110110010000
000000000000000000010001100000
000000000000000000010001110000
000000000000000000010101010000
000000000000000000010101100000
000000000000000000010101110000
000000000000000000010110000000
000000000000000000011001010000
000000000000000000011010000000
000000000000000000011010010000
000000000000000000011101010000
000000000000000000011110000000
000000000000000000011110010000
000000000000000000100001010000
000000000000000000100001100000
000000000000000000100001110000
000000000000000000100010000000
000000000000000000100010010000
000000000000000000100101100000
000000000000000000100101110000
000000000000000000100110010000
000000000000000000100110100000
000000000000000000101010100000
000000000000000000101110110000
000000000000000000110010110000
000000000000000000110011000000
000000000000000000110111000000
000000000000000000001110000000
000000000000000000001110010000
000000000000000000001110100000
000000000000000000001110110000
000000000000000000001111000000
000000000000000000001111010000
000000000000000000010001110000
000000000000000000010010000000
000000000000000000010010010000
000000000000000000010010100000
000000000000000000010010110000
000000000000000000010101010000
000000000000000000011001000000
000000000000000000011100110000
000000000000000000100000110000
000000000000000000100001000000
000000000000000000100100110000
000000000000000000100101000000
000000000000000000100101010000
000000000000000000100101100000
000000000000000000100101110000
000000000000000000100110000000
000000000000000000100110010000
000000000000000000100110100000
000000000000000000101001100000
000000000000000000101001110000
000000000000000000101010000000
000000000000000000101010010000
000000000000000000101010100000
000000000000000000101101110000
000000000000000000101110000000
000000000000000000101110010000
000000000000000000101110100000
000000000000000000110001110000
000000000000000000110010000000
000000000000000000110010010000
000000000000000000010010000000
000000000000000000010010010000
000000000000000000010010100000
000000000000000000010101100000
000000000000000000010101110000
000000000000000000010110000000
000000000000000000010110010000
000000000000000000010110100000
000000000000000000010110110000
000000000000000000010111000000
000000000000000000011001000000
000000000000000000011001010000
000000000000000000011001100000
000000000000000000011010110000
000000000000000000011011000000
000000000000000000011101000000
000000000000000000011101010000
000000000000000000011110010000
000000000000000000011110100000
000000000000000000011110110000
000000000000000000011111000000
000000000000000000100001000000
000000000000000000100001010000
000000000000000000100001100000
000000000000000000100001110000
000000000000000000100010000000
000000000000000000100010010000
000000000000000000100010100000
000000000000000000100010110000
000000000000000000100110000000
000000000000000000100110010000
000000000000000000101001110000
000000000000000000101010000000
000000000000000000101010010000
000000000000000000101101110000
000000000000000000101110000000
000000000000000000110001100000
000000000000000000110001110000
000000000000000000110101100000
000000000000000000111001010000
000000000000000000111001100000
000000000000000000001010000000
000000000000000000001101100000
000000000000000000001101110000
000000000000000000001110000000
000000000000000000001110010000
000000000000000000001110100000
000000000000000000001110110000
000000000000000000010001010000
000000000000000000010001100000
000000000000000000010010110000
000000000000000000010011000000
000000000000000000010101010000
000000000000000000010110110000
000000000000000000010111000000
000000000000000000011001010000
000000000000000000011011000000
000000000000000000011101000000
000000000000000000011111000000
000000000000000000100001000000
000000000000000000100011000000
000000000000000000100101000000
000000000000000000100111000000
000000000000000000101001000000
000000000000000000101010110000
000000000000000000101011000000
000000000000000000101101000000
000000000000000000101110100000
000000000000000000101110110000
000000000000000000110001000000
000000000000000000110001010000
000000000000000000110001100000
000000000000000000110001110000
000000000000000000110010000000
000000000000000000110010010000
000000000000000000110010100000
000000000000000000110101010000
000000000000000000110101100000
000000000000000000110101110000
000000000000000000110110000000
000000000000000000001001100000
000000000000000000001001110000
000000000000000000001101010000
000000000000000000001101100000
000000000000000000010001010000
000000000000000000010101010000
000000000000000000011001010000
000000000000000000011010010000
000000000000000000011010100000
000000000000000000011010110000
000000000000000000011011000000
000000000000000000011101000000
000000000000000000011101110000
000000000000000000011110000000
000000000000000000011111000000
000000000000000000100001000000
000000000000000000100001110000
000000000000000000100011000000
000000000000000000100101000000
000000000000000000100101100000
000000000000000000100101110000
000000000000000000100111000000
000000000000000000101001000000
000000000000000000101001110000
000000000000000000101010000000
000000000000000000101010110000
000000000000000000101101000000
000000000000000000101101010000
000000000000000000101110010000
000000000000000000101110100000
000000000000000000110001010000
000000000000000000110001100000
000000000000000000110001110000
000000000000000000110010000000
000000000000000000110010010000
000000000000000000010001110000
000000000000000000010010000000
000000000000000000010010010000
000000000000000000010101100000
000000000000000000010101110000
000000000000000000010110110000
000000000000000000011001010000
000000000000000000011001100000
000000000000000000011010100000
000000000000000000011010110000
000000000000000000011101010000
000000000000000000011110100000
000000000000000000100001010000
000000000000000000100010000000
000000000000000000100010010000
000000000000000000100010100000
000000000000000000100101010000
000000000000000000100101100000
000000000000000000100101110000
000000000000000000100110000000
000000000000000000100110010000
000000000000000000101010010000
000000000000000000101110000000
000000000000000000101110010000
000000000000000000110010000000
000000000000000000110110000000
000000000000000000111010000000
000000000000000000001101110000
000000000000000000001110000000
000000000000000000001110010000
000000000000000000001110100000
000000000000000000010001100000
000000000000000000010001110000
000000000000000000010010000000
000000000000000000010010010000
000000000000000000010010100000
000000000000000000010101010000
000000000000000000010101100000
000000000000000000010110100000
000000000000000000010110110000
000000000000000000011001010000
000000000000000000011001100000
000000000000000000011010110000
000000000000000000011101010000
000000000000000000011110110000
000000000000000000011111000000
000000000000000000100001000000
000000000000000000100001010000
000000000000000000100010110000
000000000000000000100011000000
000000000000000000100101000000
000000000000000000100101010000
000000000000000000100110110000
000000000000000000100111000000
000000000000000000101001000000
000000000000000000101001010000
000000000000000000101010110000
000000000000000000101101010000
000000000000000000101110110000
000000000000000000110001010000
000000000000000000110001100000
000000000000000000110010100000
000000000000000000110101100000
000000000000000000110101110000
000000000000000000110110000000
000000000000000000110110010000
000000000000000000110110100000
000000000000000000001010000000
000000000000000000001101110000
000000000000000000001110000000
000000000000000000010001110000
000000000000000000010010000000
000000000000000000010110000000
000000000000000000011001110000
000000000000000000011010000000
000000000000000000011101110000
000000000000000000011110000000
000000000000000000100001110000
000000000000000000100010000000
000000000000000000100101110000
000000000000000000100110000000
000000000000000000101010000000
000000000000000000101101110000
000000000000000000101110000000
000000000000000000110001110000
000000000000000000110010000000
000000000000000000110101110000
000000000000000000001010000000
000000000000000000001010010000
000000000000000000001010100000
000000000000000000001101010000
000000000000000000001101100000
000000000000000000001101110000
000000000000000000010001010000
000000000000000000010101010000
000000000000000000011001010000
000000000000000000011001100000
000000000000000000011001110000
000000000000000000011010000000
000000000000000000011101010000
000000000000000000011110010000
000000000000000000011110100000
000000000000000000100010110000
000000000000000000100111000000
000000000000000000101011010000
000000000000000000101111000000
000000000000000000110001000000
000000000000000000110001010000
000000000000000000110010100000
000000000000000000110010110000
000000000000000000110101010000
000000000000000000110101100000
000000000000000000110101110000
000000000000000000110110000000
000000000000000000001110000000
000000000000000000010001100000
000000000000000000010001110000
000000000000000000010010000000
000000000000000000010010010000
000000000000000000010101010000
000000000000000000010110110000
000000000000000000011001000000
000000000000000000011001010000
000000000000000000011010100000
000000000000000000011010110000
000000000000000000011101000000
000000000000000000011110100000
000000000000000000100001000000
000000000000000000100010010000
000000000000000000100010100000
000000000000000000100101010000
000000000000000000100101100000
000000000000000000100101110000
000000000000000000100110000000
000000000000000000100110010000
000000000000000000100110100000
000000000000000000101010010000
000000000000000000101110010000
000000000000000000110010010000
000000000000000000110110000000
000000000000000000110110010000
000000000000000000111010000000
000000000000000000111010010000
000000000000000000010000110000
000000000000000000010001000000
000000000000000000010001010000
000000000000000000010001100000
000000000000000000010001110000
000000000000000000010010000000
000000000000000000010101100000
000000000000000000010101110000
000000000000000000010110000000
000000000000000000010110010000
000000000000000000010110100000
000000000000000000010110110000
000000000000000000011010100000
000000000000000000011010110000
000000000000000000011110110000
000000000000000000100010100000
000000000000000000100010110000
000000000000000000100110100000
000000000000000000101010010000
000000000000000000101010100000
000000000000000000101110000000
000000000000000000101110010000
000000000000000000110001110000
000000000000000000110010000000
000000000000000000110101110000
000000000000000000110110000000
000000000000000000111001100000
000000000000000000111001110000
000000000000000000001100110000
000000000000000000001101000000
000000000000000000001101010000
000000000000000000001101100000
000000000000000000010000110000
000000000000000000010001000000
000000000000000000010001100000
000000000000000000010001110000
000000000000000000010010000000
000000000000000000010100110000
000000000000000000010101110000
000000000000000000010110000000
000000000000000000010110010000
000000000000000000011000110000
000000000000000000011010000000
000000000000000000011010010000
000000000000000000011101010000
000000000000000000011101100000
000000000000000000011101110000
000000000000000000011110000000
000000000000000000011110010000
000000000000000000011110100000
000000000000000000100001110000
000000000000000000100010000000
000000000000000000100010010000
000000000000000000100010100000
000000000000000000100010110000
000000000000000000100011000000
000000000000000000100110110000
000000000000000000100111000000
000000000000000000100111010000
000000000000000000101001010000
000000000000000000101001100000
000000000000000000101011000000
000000000000000000101011010000
000000000000000000101101100000
000000000000000000101111000000
000000000000000000101111010000
000000000000000000110001110000
000000000000000000110010000000
000000000000000000110010010000
000000000000000000110010100000
000000000000000000110010110000
000000000000000000110011000000
000000000000000000001110100000
000000000000000000010010100000
000000000000000000010110100000
000000000000000000011001010000
000000000000000000011010100000
000000000000000000011101010000
000000000000000000011110100000
000000000000000000100001010000
000000000000000000100001100000
000000000000000000100001110000
000000000000000000100010000000
000000000000000000100010010000
000000000000000000100010100000
000000000000000000100101010000
000000000000000000100110010000
000000000000000000100110100000
000000000000000000101010010000
000000000000000000101110010000
000000000000000000110010010000
000000000000000000110110010000
000000000000000000010010000000
000000000000000000010010010000
000000000000000000010010100000
000000000000000000010010110000
000000000000000000010101100000
000000000000000000010101110000
000000000000000000010110000000
000000000000000000010110010000
000000000000000000010110100000
000000000000000000010110110000
000000000000000000010111000000
000000000000000000011001010000
000000000000000000011001100000
000000000000000000011010000000
000000000000000000011010010000
000000000000000000011010100000
000000000000000000011010110000
000000000000000000011101010000
000000000000000000011101100000
000000000000000000011101110000
000000000000000000011110000000
000000000000000000011110010000
000000000000000000011110100000
000000000000000000100001010000
000000000000000000100001100000
000000000000000000100010010000
000000000000000000100010100000
000000000000000000100110000000
000000000000000000100110010000
000000000000000000101010000000
000000000000000000101101110000
000000000000000000101110000000
000000000000000000110001110000
000000000000000000110101100000
000000000000000000110101110000
000000000000000000111001100000
000000000000000000001001110000
000000000000000000001010000000
000000000000000000001010010000
000000000000000000001101100000
000000000000000000001101110000
000000000000000000010001100000
000000000000000000010101100000
000000000000000000011001010000
000000000000000000011001100000
000000000000000000011101010000
000000000000000000011101100000
000000000000000000011110000000
000000000000000000011110010000
000000000000000000100001010000
000000000000000000100001100000
000000000000000000100001110000
000000000000000000100010000000
000000000000000000100010010000
000000000000000000100010100000
000000000000000000100101010000
000000000000000000100101100000
000000000000000000100110100000
000000000000000000100110110000
000000000000000000101001100000
000000000000000000101010100000
000000000000000000101010110000
000000000000000000101101100000
000000000000000000101101110000
000000000000000000101110010000
000000000000000000101110100000
000000000000000000110001110000
000000000000000000110010000000
000000000000000000110010010000
000000000000000000001001010000
000000000000000000001101010000
000000000000000000010001010000
000000000000000000010101000000
000000000000000000011001000000
000000000000000000011010010000
000000000000000000011010100000
000000000000000000011010110000
000000000000000000011101000000
000000000000000000011110000000
000000000000000000011110010000
000000000000000000011111000000
000000000000000000100001000000
000000000000000000100001010000
000000000000000000100010000000
000000000000000000100011000000
000000000000000000100101010000
000000000000000000100110000000
000000000000000000100110110000
000000000000000000101001010000
000000000000000000101001100000
000000000000000000101001110000
000000000000000000101010000000
000000000000000000101010100000
000000000000000000101010110000
000000000000000000101101110000
000000000000000000101110000000
000000000000000000101110010000
000000000000000000110010000000
000000000000000000110010010000
000000000000000000001110010000
000000000000000000001110100000
000000000000000000001110110000
000000000000000000001111000000
000000000000000000001111010000
000000000000000000010001100000
000000000000000000010001110000
000000000000000000010010000000
000000000000000000010101100000
000000000000000000010101110000
000000000000000000011001100000
000000000000000000011101100000
000000000000000000100001100000
000000000000000000100101100000
000000000000000000100110000000
000000000000000000100110010000
000000000000000000100110100000
000000000000000000101010100000
000000000000000000101110010000
000000000000000000110001100000
000000000000000000110001110000
000000000000000000110010000000
000000000000000000110101000000
000000000000000000110101010000
000000000000000000110101100000
000000000000000000001101100000
000000000000000000010001100000
000000000000000000010010010000
000000000000000000010101010000
000000000000000000011001010000
000000000000000000011010010000
000000000000000000011101000000
000000000000000000011110010000
000000000000000000100001000000
000000000000000000100010010000
000000000000000000100101100000
000000000000000000100101110000
000000000000000000100110000000
000000000000000000100110010000
000000000000000000100110100000
000000000000000000100110110000
000000000000000000101010010000
000000000000000000110110100000
000000000000000000001110000000
000000000000000000001110010000
000000000000000000001110100000
000000000000000000001110110000
000000000000000000010001010000
000000000000000000010001100000
000000000000000000010010000000
000000000000000000010010010000
000000000000000000010010100000
000000000000000000010010110000
000000000000000000010011000000
000000000000000000010101000000
000000000000000000010101010000
000000000000000000010101100000
000000000000000000010110010000
000000000000000000010110100000
000000000000000000010110110000
000000000000000000010111000000
000000000000000000011000110000
000000000000000000011001000000
000000000000000000011001010000
000000000000000000011001100000
000000000000000000011011000000
000000000000000000011011010000
000000000000000000011100110000
000000000000000000011101000000
000000000000000000011101010000
000000000000000000011101100000
000000000000000000011111000000
000000000000000000011111010000
000000000000000000100000110000
000000000000000000100001000000
000000000000000000100001010000
000000000000000000100010110000
000000000000000000100011000000
000000000000000000100011010000
000000000000000000100100110000
000000000000000000100101000000
000000000000000000100101010000
000000000000000000100110010000
000000000000000000100110100000
000000000000000000100110110000
000000000000000000100111000000
000000000000000000101000110000
000000000000000000101001000000
000000000000000000101001010000
000000000000000000101001100000
000000000000000000101001110000
000000000000000000101010000000
000000000000000000101010010000
000000000000000000101010100000
000000000000000000101010110000
000000000000000000101011000000
000000000000000000101100110000
000000000000000000101101000000
000000000000000000101101010000
000000000000000000101101100000
000000000000000000101101110000
000000000000000000101110000000
000000000000000000101110010000
000000000000000000101110100000
000000000000000000110001000000
000000000000000000110001010000
000000000000000000110001100000
000000000000000000110001110000
000000000000000000110010000000
000000000000000000110010010000
000000000000000000110101100000
000000000000000000010101010000
000000000000000000010101100000
000000000000000000010101110000
000000000000000000010110010000
000000000000000000010110100000
000000000000000000011000110000
000000000000000000011001000000
000000000000000000011010100000
000000000000000000011110100000
000000000000000000100010100000
000000000000000000100110100000
000000000000000000101010100000
000000000000000000110010010000
000000000000000000110110010000
000000000000000000111010010000
000000000000000000001101110000
000000000000000000010001100000
000000000000000000010001110000
000000000000000000010010110000
000000000000000000010101100000
000000000000000000010110100000
000000000000000000010110110000
000000000000000000011001010000
000000000000000000011001100000
000000000000000000011010100000
000000000000000000011101000000
000000000000000000011101010000
000000000000000000011110100000
000000000000000000100001000000
000000000000000000100001010000
000000000000000000100001100000
000000000000000000100010100000
000000000000000000100101010000
000000000000000000100101100000
000000000000000000100101110000
000000000000000000100110000000
000000000000000000100110010000
000000000000000000100110100000
000000000000000000101010010000
000000000000000000101010100000
000000000000000000101110010000
000000000000000000101110100000
000000000000000000110010010000
000000000000000000110110010000
000000000000000000001101100000
000000000000000000001101110000
000000000000000000001110000000
000000000000000000001110010000
000000000000000000001110100000
000000000000000000010001100000
000000000000000000010001110000
000000000000000000010010000000
000000000000000000010010010000
000000000000000000010010100000
000000000000000000010010110000
000000000000000000010101100000
000000000000000000010101110000
000000000000000000010110010000
000000000000000000010110100000
000000000000000000010110110000
000000000000000000011001100000
000000000000000000011010100000
000000000000000000011010110000
000000000000000000011101010000
000000000000000000011101100000
000000000000000000011110110000
000000000000000000100001010000
000000000000000000100010110000
000000000000000000100101010000
000000000000000000100110110000
000000000000000000101001010000
000000000000000000101010110000
000000000000000000101101010000
000000000000000000101101100000
000000000000000000101110100000
000000000000000000101110110000
000000000000000000110001010000
000000000000000000110001100000
000000000000000000110001110000
000000000000000000110010000000
000000000000000000110010010000
000000000000000000110010100000
000000000000000000110101100000
000000000000000000110101110000
000000000000000000110110000000
000000000000000000110110010000
000000000000000000001001100000
000000000000000000001101100000
000000000000000000001101110000
000000000000000000010001110000
000000000000000000010101110000
000000000000000000010110000000
000000000000000000011001110000
000000000000000000011010000000
000000000000000000011101110000
000000000000000000011110000000
000000000000000000100010000000
000000000000000000100110000000
000000000000000000101010000000
000000000000000000101101110000
000000000000000000101110000000
000000000000000000110010000000
000000000000000000110110000000
000000000000000000001101100000
000000000000000000001101110000
000000000000000000001110000000
000000000000000000010001000000
000000000000000000010001010000
000000000000000000010001100000
000000000000000000010001110000
000000000000000000010010000000
000000000000000000010010010000
000000000000000000010110000000
000000000000000000010110010000
000000000000000000011001110000
000000000000000000011010000000
000000000000000000011101100000
000000000000000000011101110000
000000000000000000011110000000
000000000000000000011110010000
000000000000000000100010000000
000000000000000000100010010000
000000000000000000100010100000
000000000000000000100110100000
000000000000000000100110110000
000000000000000000101010010000
000000000000000000101010100000
000000000000000000101110000000
000000000000000000101110010000
000000000000000000110001110000
000000000000000000110010000000
000000000000000000110101010000
000000000000000000110101100000
000000000000000000110101110000
000000000000000000111001010000
000000000000000000001101110000
000000000000000000010001110000
000000000000000000010101110000
000000000000000000010110000000
000000000000000000011010000000
000000000000000000011110000000
000000000000000000100010000000
000000000000000000100110000000
000000000000000000100110010000
000000000000000000101010000000
000000000000000000101010010000
000000000000000000101110000000
000000000000000000101110010000
000000000000000000110010010000
000000000000000000110110010000
000000000000000000001101000000
000000000000000000001101010000
000000000000000000001101100000
000000000000000000001101110000
000000000000000000001110000000
000000000000000000010001000000
000000000000000000010001010000
000000000000000000010010000000
000000000000000000010110000000
000000000000000000011001110000
000000000000000000011010000000
000000000000000000011101010000
000000000000000000011101100000
000000000000000000011101110000
000000000000000000011110000000
000000000000000000100001010000
000000000000000000100001100000
000000000000000000100001110000
000000000000000000100010000000
000000000000000000100010010000
000000000000000000100010100000
000000000000000000100110010000
000000000000000000100110100000
000000000000000000101010100000
000000000000000000101010110000
000000000000000000101110100000
000000000000000000101110110000
000000000000000000110010010000
000000000000000000110010100000
000000000000000000110010110000
000000000000000000110101100000
000000000000000000110101110000
000000000000000000110110000000
000000000000000000110110010000
000000000000000000001101100000
000000000000000000010001100000
000000000000000000010011010000
000000000000000000010101100000
000000000000000000010111010000
000000000000000000011001010000
000000000000000000011001100000
000000000000000000011011000000
000000000000000000011011010000
000000000000000000011101010000
000000000000000000011111000000
000000000000000000011111010000
000000000000000000100001000000
000000000000000000100001010000
000000000000000000100011000000
000000000000000000100100110000
000000000000000000100101000000
000000000000000000100111000000
000000000000000000101000110000
000000000000000000101001000000
000000000000000000101001010000
000000000000000000101001100000
000000000000000000101001110000
000000000000000000101010000000
000000000000000000101010010000
000000000000000000101010100000
000000000000000000101010110000
000000000000000000101011000000
000000000000000000101110110000
000000000000000000001101000000
000000000000000000001110110000
000000000000000000010001010000
000000000000000000010001100000
000000000000000000010001110000
000000000000000000010010000000
000000000000000000010010010000
000000000000000000010010100000
000000000000000000010010110000
000000000000000000010011000000
000000000000000000010110100000
000000000000000000010110110000
000000000000000000010111000000
000000000000000000011010100000
000000000000000000011010110000
000000000000000000011110010000
000000000000000000011110100000
000000000000000000100010000000
000000000000000000100010010000
000000000000000000100010100000
000000000000000000100101110000
000000000000000000100110000000
000000000000000000100110010000
000000000000000000101001110000
000000000000000000101010000000
000000000000000000101101100000
000000000000000000101101110000
000000000000000000110001010000
000000000000000000110001100000
000000000000000000110001110000
000000000000000000110101010000
000000000000000000110101100000
000000000000000000111001010000
000000000000000000001010000000
000000000000000000001010010000
000000000000000000001010100000
000000000000000000001101100000
000000000000000000001101110000
000000000000000000001110000000
000000000000000000001110110000
000000000000000000001111000000
000000000000000000010001010000
000000000000000000010001100000
000000000000000000010011000000
000000000000000000010101000000
000000000000000000010111000000
000000000000000000011010110000
000000000000000000011011000000
000000000000000000011110110000
000000000000000000100010100000
000000000000000000100110010000
000000000000000000101001110000
000000000000000000101010000000
000000000000000000101101000000
000000000000000000101101010000
000000000000000000101101100000
000000000000000000101101110000
000000000000000000101110000000
000000000000000000101110010000
000000000000000000101110100000
000000000000000000110000110000
000000000000000000110001000000
000000000000000000110001010000
000000000000000000110001100000
000000000000000000110010010000
000000000000000000110010100000
000000000000000000110010110000
000000000000000000110101000000
000000000000000000010001000000
000000000000000000010001010000
000000000000000000010001100000
000000000000000000010001110000
000000000000000000010010000000
000000000000000000010010010000
000000000000000000010010100000
000000000000000000010100110000
000000000000000000010101000000
000000000000000000010101010000
000000000000000000010110100000
000000000000000000010110110000
000000000000000000011000100000
000000000000000000011000110000
000000000000000000011010100000
000000000000000000011110100000
000000000000000000100010010000
000000000000000000100010100000
000000000000000000100110010000
000000000000000000101010000000
000000000000000000101010010000
000000000000000000101010100000
000000000000000000101010110000
000000000000000000101101110000
000000000000000000101110000000
000000000000000000101110010000
000000000000000000110010000000
000000000000000000110110000000
000000000000000000111010000000
000000000000000000001101110000
000000000000000000010001110000
000000000000000000010010000000
000000000000000000010101110000
000000000000000000010110000000
000000000000000000011001110000
000000000000000000011010000000
000000000000000000011101110000
000000000000000000011110000000
000000000000000000100001110000
000000000000000000100010000000
000000000000000000100101110000
000000000000000000100110000000
000000000000000000101010000000
000000000000000000101101110000
000000000000000000101110000000
000000000000000000110010000000
000000000000000000110110000000
000000000000000000001010000000
000000000000000000001101100000
000000000000000000001101110000
000000000000000000001110000000
000000000000000000001110010000
000000000000000000010001010000
000000000000000000010001100000
000000000000000000010010000000
000000000000000000010010010000
000000000000000000010110000000
000000000000000000011010000000
000000000000000000100001110000
000000000000000000100101100000
000000000000000000100111010000
000000000000000000101001100000
000000000000000000101010110000
000000000000000000101011000000
000000000000000000101101010000
000000000000000000101110000000
000000000000000000101110010000
000000000000000000101110100000
000000000000000000110001010000
000000000000000000110001100000
000000000000000000110001110000
000000000000000000110010000000
000000000000000000110101010000
000000000000000000001110000000
000000000000000000001110010000
000000000000000000010010000000
000000000000000000010010010000
000000000000000000010110000000
000000000000000000010110010000
000000000000000000011001110000
000000000000000000011010000000
000000000000000000011010010000
000000000000000000011101110000
000000000000000000011110000000
000000000000000000100001110000
000000000000000000100010000000
000000000000000000100101110000
000000000000000000100110000000
000000000000000000101001110000
000000000000000000101010000000
000000000000000000101101110000
000000000000000000101110000000
000000000000000000110001110000
000000000000000000110010000000
000000000000000000110101110000
000000000000000000110110000000
000000000000000000010010000000
000000000000000000010110000000
000000000000000000011010000000
000000000000000000011110000000
000000000000000000100010000000
000000000000000000100110000000
000000000000000000101010000000
000000000000000000101101110000
000000000000000000110001110000
000000000000000000110101110000
000000000000000000010001110000
000000000000000000010010000000
000000000000000000010010010000
000000000000000000010101000000
000000000000000000010101010000
000000000000000000010101100000
000000000000000000010101110000
000000000000000000010110010000
000000000000000000011010100000
000000000000000000011110010000
000000000000000000100010010000
000000000000000000100110000000
000000000000000000100110010000
000000000000000000101010000000
000000000000000000101010010000
000000000000000000101010100000
000000000000000000101010110000
000000000000000000101110000000
000000000000000000110001110000
000000000000000000110101110000
000000000000000000111001100000
000000000000000000001101010000
000000000000000000001110100000
000000000000000000010001010000
000000000000000000010010100000
000000000000000000010101010000
000000000000000000010110100000
000000000000000000011001000000
000000000000000000011001010000
000000000000000000011010010000
000000000000000000011010100000
000000000000000000011101000000
000000000000000000011101010000
000000000000000000011110000000
000000000000000000011110010000
000000000000000000011110100000
000000000000000000100001010000
000000000000000000100001110000
000000000000000000100010000000
000000000000000000100010010000
000000000000000000100010100000
000000000000000000100101010000
000000000000000000100101100000
000000000000000000100101110000
000000000000000000100110000000
000000000000000000100110010000
000000000000000000101010000000
000000000000000000101010010000
000000000000000000101110000000
000000000000000000101110010000
000000000000000000110010000000
000000000000000000110110000000
000000000000000000001110010000
000000000000000000010010010000
000000000000000000010110010000
000000000000000000011010000000
000000000000000000011101110000
000000000000000000011110000000
000000000000000000100001110000
000000000000000000100101100000
000000000000000000100101110000
000000000000000000100110000000
000000000000000000100110010000
000000000000000000100110100000
000000000000000000100110110000
000000000000000000100111000000
000000000000000000100111010000
000000000000000000101001000000
000000000000000000101001010000
000000000000000000101001100000
000000000000000000101100110000
000000000000000000101101000000
000000000000000000001001100000
000000000000000000001001110000
000000000000000000001101010000
000000000000000000001101100000
000000000000000000001101110000
000000000000000000010001110000
000000000000000000010010000000
000000000000000000010101110000
000000000000000000010110000000
000000000000000000011001110000
000000000000000000011101110000
000000000000000000011110000000
000000000000000000100001110000
000000000000000000100010000000
000000000000000000100010010000
000000000000000000100110010000
000000000000000000100110100000
000000000000000000101010010000
000000000000000000101010100000
000000000000000000101101110000
000000000000000000101110000000
000000000000000000101110010000
000000000000000000110001100000
000000000000000000110001110000
000000000000000000110010000000
000000000000000000110101100000
000000000000000000001101110000
000000000000000000001110000000
000000000000000000001110010000
000000000000000000001110100000
000000000000000000001110110000
000000000000000000010001110000
000000000000000000010101110000
000000000000000000011001100000
000000000000000000011001110000
000000000000000000011101100000
000000000000000000011101110000
000000000000000000011110000000
000000000000000000011110010000
000000000000000000100001100000
000000000000000000100010100000
000000000000000000100110100000
000000000000000000101001010000
000000000000000000101010100000
000000000000000000101110010000
000000000000000000101110100000
000000000000000000110001010000
000000000000000000110010000000
000000000000000000110010010000
000000000000000000110101010000
000000000000000000110101100000
000000000000000000110101110000
000000000000000000001001100000
000000000000000000001101100000
000000000000000000001101110000
000000000000000000010001100000
000000000000000000010001110000
000000000000000000010101100000
000000000000000000010101110000
000000000000000000010110000000
000000000000000000011001110000
000000000000000000011010000000
000000000000000000011101110000
000000000000000000011110000000
000000000000000000011110010000
000000000000000000100010000000
000000000000000000100010010000
000000000000000000100110000000
000000000000000000100110010000
000000000000000000101010000000
000000000000000000101010010000
000000000000000000101010100000
000000000000000000101110010000
000000000000000000101110100000
000000000000000000110010010000
000000000000000000110010100000
000000000000000000110110100000
000000000000000000000101100000
000000000000000000000101110000
000000000000000000001010000000
000000000000000000001110010000
000000000000000000010110100000
000000000000000000011010100000
000000000000000000100001100000
000000000000000000100010010000
000000000000000000100101010000
000000000000000000100110000000
000000000000000000100110010000
000000000000000000101001000000
000000000000000000101010000000
000000000000000000101010010000
000000000000000000101101010000
000000000000000000101101100000
000000000000000000101101110000
000000000000000000101110100000
000000000000000000101110110000
000000000000000000010001010000
000000000000000000010001100000
000000000000000000010010100000
000000000000000000010010110000
000000000000000000010101010000
000000000000000000010101100000
000000000000000000010110100000
000000000000000000010110110000
000000000000000000011001000000
000000000000000000011001010000
000000000000000000011001100000
000000000000000000011010010000
000000000000000000011010100000
000000000000000000011010110000
000000000000000000011101000000
000000000000000000011101010000
000000000000000000011101100000
000000000000000000011101110000
000000000000000000011110000000
000000000000000000011110010000
000000000000000000011110100000
000000000000000000011110110000
000000000000000000100001000000
000000000000000000100001010000
000000000000000000100001100000
000000000000000000100001110000
000000000000000000100010000000
000000000000000000100010010000
000000000000000000100010100000
000000000000000000100101000000
000000000000000000100101010000
000000000000000000100101100000
000000000000000000100101110000
000000000000000000100110000000
000000000000000000100110010000
000000000000000000100110100000
000000000000000000101010010000
000000000000000000101010100000
000000000000000000101110010000
000000000000000000101110100000
000000000000000000110010000000
000000000000000000110010010000
000000000000000000110010100000
000000000000000000110110000000
000000000000000000110110010000
000000000000000000110110100000
000000000000000000111010000000
000000000000000000111010010000
000000000000000000001101000000
000000000000000000001110100000
000000000000000000010001000000
000000000000000000010010100000
000000000000000000010101000000
000000000000000000010110100000
000000000000000000011001000000
000000000000000000011010100000
000000000000000000011101000000
000000000000000000011110100000
000000000000000000011110110000
000000000000000000011111000000
000000000000000000100001000000
000000000000000000100001010000
000000000000000000100010010000
000000000000000000100010100000
000000000000000000100010110000
000000000000000000100101010000
000000000000000000100101100000
000000000000000000100101110000
000000000000000000100110000000
000000000000000000100110010000
000000000000000000100110100000
000000000000000000101010100000
000000000000000000101110100000
000000000000000000110010100000
000000000000000000110110100000