01000100
01000101
01010110
01010111
01011000
01011001
01011010
01011011
01101011
01111010
01111011
10001010
10011001
10101000
10101001
10111000
11000111
11001000
11010110
11010111
11100110
11100111
00100101
00100110
00100111
00101000
00101001
00110101
00110110
00111001
01001000
01001001
01011000
01011001
01100111
01101000
01110110
01110111
10000110
10000111
10010101
10010110
10100101
10110101
10110110
10110111
10111000
10111011
10111100
10111101
10111110
11000101
11000110
11000111
11001000
11001001
11001010
11001011
11001100
00111001
01001001
01011001
01101000
01101001
01111000
10001000
10010111
10011000
10100111
10110111
11000110
11000111
11010110
00101000
00110111
00111000
01000110
01000111
01001000
01001001
01010101
01010110
01010111
01011000
01011001
01011010
01100101
01100110
01100111
01101010
01101011
01110101
01111011
01111100
10000100
10000101
10001011
10001100
10010100
10010101
10011010
10011011
10011100
10100100
10100101
10101001
10101010
10101011
10110100
10110101
10110110
10110111
10111000
10111001
10111010
11000101
11000110
11000111
11001000
11001001
11010110
11010111
00110110
01000110
01001011
01010101
01011011
01100100
01100101
01101011
01110100
01111010
10000100
10001010
10010100
10010101
10011000
10011001
10011010
10101001
10101010
10111001
10111010
11001001
11001010
11011001
00111001
00111010
01001001
01001010
01011000
01011001
01101000
01101001
01111000
01111001
10000111
10001000
10010111
10011000
10100111
10101000
10110111
11000110
11000111
11010111
00110101
00110110
00111100
01000101
01001100
01010100
01011011
01100100
01101010
01110100
01110101
01110110
01110111
01111000
01111001
01111010
10000110
10001001
10011001
10101000
10101001
10111000
11000111
11001000
11011000
11011001
01000110
01000111
01010101
01010110
01010111
01011000
01100101
01101000
01101001
01110101
01111000
01111001
10000101
10000110
10000111
10001000
10001001
10010110
10010111
10011001
10011010
10101010
10111011
11001011
11001100
11011100
00111000
00111001
00111010
00111011
00111100
00111101
01000111
01001000
01001001
01001010
01001011
01010101
01100100
01110011
10000011
10000100
10010011
10010100
10010101
10010110
10010111
10011000
10011001
10011010
10100110
10100111
10101000
10101001
10101010
10110111
10111000
10111001
10111010
11000111
11001000
11001001
01001000
01001001
01001010
01010110
01010111
01011000
01011001
01011010
01011011
01011100
01100100
01100101
01100110
01101011
01101100
01110100
01110101
01111001
01111010
01111011
01111100
10000100
10000101
10000110
10000111
10001000
10001001
10001010
10001011
10011000
10011001
10100111
10101000
10101001
10110111
10111000
11000110
11000111
11010110
11100101
11100110
00101000
00110110
00110111
00111000
00111001
00111010
00111011
01000101
01000110
01001011
01001100
01010101
01011011
01011100
01100101
01101100
01110100
01111100
10000100
10001100
10010100
10011100
10100100
10101011
10101100
10110100
10111010
10111011
11000100
11000101
11000110
11000111
11001000
11001001
11001010
11010101
11010110
11010111
11011000
00100110
00100111
00110101
00110110
01000101
01010101
01100101
01101001
01101010
01101011
01101100
01110100
01110111
01111000
01111100
10000100
10000111
10001100
10010100
10010110
10010111
10011100
10100100
10100111
10101000
10101011
10110100
10110101
10111001
10111010
11000101
11000110
11000111
11001000
11001001
01000111
01001000
01001001
01010110
01010111
01011011
01100101
01100110
01101010
01101011
01110101
01111010
10000101
10001000
10001001
10001010
10010101
10010110
10010111
10011000
10011001
10101001
10111000
10111001
11001000
11011000
11101000
00110111
00111000
00111001
00111010
01000110
01000111
01001000
01001001
01001010
01010101
01010110
01011010
01011011
01100101
01100110
01101011
01110101
01111011
01111100
10000100
10000101
10001011
10001100
10010100
10010101
10011011
10011100
10100100
10100101
10101011
10110101
10111011
11000101
11000110
11001010
11010110
11010111
11011000
11011001
11011010
00101000
00110111
00111000
01000111
01001000
01011000
01100111
01101000
01110111
01111000
10000111
10001000
10010111
10011000
10101000
10110111
10111000
11000111
11001000
11010111
00101000
00101001
00101010
00110101
00110110
00110111
01000101
01010101
01100101
01100110
01100111
01101000
01110101
01111001
01111010
10001011
10011100
10101101
10111100
11000100
11000101
11001010
11001011
11010101
11010110
11010111
11011000
00111000
01000110
01000111
01001000
01001001
01010101
01011011
01100100
01100101
01101010
01101011
01110100
01111010
10000100
10001001
10001010
10010101
10010110
10010111
10011000
10011001
10011010
10101001
10111001
11001001
11011000
11011001
11101000
11101001
01000011
01000100
01000101
01000110
01000111
01001000
01010110
01010111
01011000
01011001
01011010
01011011
01101010
01101011
01111011
10001010
10001011
10011010
10101001
10101010
10111000
10111001
11000111
11001000
11010111
11011000
11100110
11100111
00110011
00110100
00110101
00110110
01000011
01000100
01000110
01000111
01001000
01010011
01010111
01011000
01011001
01100011
01101000
01101001
01110101
01110110
01110111
01111000
01111001
01111010
10000111
10001000
10001001
10001010
10001011
10001100
10011011
10011100
10011101
10100101
10100110
10101100
10101101
10110110
10111100
10111101
11000111
11001000
11001001
11001010
11001011
11001100
00111010
01001010
01011010
01100101
01101010
01110101
01111010
10000101
10000110
10000111
10001000
10001001
10001010
10010101
10011001
10011010
10101001
10111001
11001001
11011001
01001000
01001001
01001010
01001011
01010110
01010111
01011000
01011001
01011010
01011011
01011100
01100101
01100110
01101000
01101001
01101010
01101011
01110101
01110110
01110111
01111000
01111001
01111010
10000101
10000110
10001001
10001010
10011000
10011001
10101000
10110111
10111000
11000111
11010110
11010111
11100110
00100111
00101000
00101001
00110110
00110111
01000110
01010110
01100101
01100110
01110101
01110110
01111000
01111001
10000101
10000110
10000111
10001000
10001001
10001010
10010101
10010110
10011010
10011011
10100110
10101010
10101011
10110110
10110111
10111001
10111010
11000111
11001000
11001001
00100101
00110101
01000101
01010100
01100100
01101001
01101010
01101011
01110100
01111000
01111001
01111100
10000100
10000101
10001000
10001100
10010101
10011000
10011011
10100101
10100110
10100111
10101000
10101010
10101011
10110111
10111000
10111001
11001000
11001001
00111001
00111010
00111011
00111100
00111101
01000110
01000111
01001000
01010110
01010111
01100110
01110110
10000110
10010110
10011000
10011001
10011010
10101010
10111001
11000110
11000111
11001000
11010100
11010101
11010110
00110110
01000110
01001001
01010101
01100101
01101001
01110100
01111001
10000100
10001001
10010110
10010111
10011000
10011001
10011010
10011011
10101001
11011010
00111000
00111001
00111010
00111011
01000101
01000110
01001000
01001001
01001010
01001011
01001100
01010100
01010101
01010110
01011001
01011010
01011011
01011100
01100011
01100100
01100101
01100110
01101100
01101101
01110011
01110100
01110101
01110110
01111100
01111101
10000011
10000100
10000101
10001011
10001100
10001101
10010011
10010100
10010101
10011001
10011010
10011011
10011100
10100011
10100100
10100101
10100110
10100111
10101000
10101001
10101010
10101011
10101100
10110011
10110100
10110101
10110110
10110111
10111000
10111001
10111010
11000100
11000101
11000110
11000111
11001000
11001001
11010110
01010101
01010110
01010111
01011001
01011010
01100011
01100100
01101010
01111010
10001010
10011010
10101010
11001001
11011001
11101001
00110111
01000110
01000111
01001011
01010110
01011010
01011011
01100101
01100110
01101010
01110100
01110101
01111010
10000100
10000101
10000110
10001010
10010101
10010110
10010111
10011000
10011001
10011010
10101001
10101010
10111001
10111010
11001001
11011001
00110110
00110111
00111000
00111001
00111010
01000110
01000111
01001000
01001001
01001010
01001011
01010110
01010111
01011001
01011010
01011011
01100110
01101010
01101011
01110101
01110110
01111011
10000101
10001011
10010101
10011011
10100101
10101011
10110101
10110110
10111010
10111011
11000101
11000110
11000111
11001000
11001001
11001010
11010110
11010111
11011000
11011001
00100110
00110110
00110111
01000111
01010111
01011000
01100111
01101000
01110111
01111000
10001000
10011000
10101000
10110111
10111000
11001000
11011000
00110110
00110111
00111000
01000100
01000101
01000110
01000111
01001000
01001001
01011000
01011001
01100111
01101000
01110110
01110111
01111000
01111001
10001000
10001001
10001010
10011010
10011011
10101001
10101010
10111000
10111001
11000111
11001000
11010101
11010110
11010111
11100101
00110111
01000111
01010111
01011000
01101000
01111000
10001000
10011000
10011001
10101000
10101001
10111000
10111001
11001001
11011001
00110100
00110101
00110110
00110111
00111000
01000100
01000101
01001000
01011000
01100111
01101000
01110101
01110110
01110111
01111000
10000101
10000110
10000111
10001000
10001001
10001010
10011001
10011010
10101010
10101011
10111010
10111011
11001001
11001010
11001011
11010110
11010111
11011000
11011001
00110110
01000110
01001101
01010110
01011101
01100101
01100110
01101100
01101101
01110101
01111100
01111101
10000100
10000101
10001100
10010011
10010100
10011100
10100011
10100100
10100101
10100110
10100111
10101000
10101001
10101010
10101011
10101100
10111011
00110100
00111011
01000101
01000110
01000111
01001000
01001001
01001010
01001011
01001100
01011010
01011011
01011100
01101010
01101011
01111001
01111010
10001000
10001001
10001010
10010111
10011000
10011001
10100111
10101000
10110110
10110111
11000101
11000110
11000111
11010101
11010110
11100101
00101000
00101001
00101010
00110110
00110111
00111000
00111011
00111100
01000101
01000110
01001100
01010100
01011100
01101011
01101100
01111011
10001010
10011001
10100111
10101000
10110100
10110101
10110110
10110111
10111000
10111001
10111010
11000011
11000100
11000101
11000110
11001001
11001010
11001011
11010100
01000100
01000101
01000110
01000111
01001000
01001001
01001010
01010011
01010100
01010101
01011010
01011011
01100010
01100011
01101010
01111010
10001001
10001010
10011001
10101000
10101001
10101010
10101011
10110111
10111000
10111001
11001000
11011000
11101000
00110111
01000111
01001000
01010111
01011000
01100111
01101000
01110111
01111000
10000111
10001000
10010111
10011000
10101000
10110111
10111000
11001000
11011000
00101000
00110110
00110111
00111000
00111001
01000101
01000110
01001000
01001001
01011000
01101000
10000111
10010110
10011101
10100110
10101011
10101100
10110101
10111000
10111001
10111010
11000101
11000110
11000111
11001000
11010101
00111000
00111001
01001000
01001001
01011000
01011001
01100111
01101000
01101001
01110111
01111000
10000111
10001000
10010111
10011000
10100111
10101000
10110111
10111000
11000111
11001000
11010111
11011000
01001000
01011000
01101000
01111000
10001000
10011000
10101000
10110111
11000111
11010111
01000111
01001000
01001001
01010100
01010101
01010110
01010111
01011001
01101010
01111001
10001001
10011000
10011001
10101000
10101001
10101010
10101011
10111000
11000111
11010111
11100110
00110101
00111010
01000101
01001010
01010101
01011010
01100100
01100101
01101001
01101010
01110100
01110101
01111000
01111001
01111010
10000101
10000111
10001000
10001001
10001010
10010101
10010110
10010111
10011000
10011001
10101000
10101001
10111000
10111001
11001000
11011000
00111001
01001001
01011001
01101000
01110111
01111000
10000111
10010110
10010111
10011000
10011001
10011010
10011011
10011100
10011101
10100100
10100101
10100110
10110011
10110100
00100110
00100111
00110101
00110110
00110111
01000111
01001000
01010111
01011000
01100111
01110111
01111000
10000111
10001000
10001001
10011001
10011010
10101001
10101010
10110111
10111000
10111001
11000110
11000111
11001000
11010110
00110111
00111000
00111001
00111010
00111011
01000111
01010111
01100110
01100111
01110110
01110111
01111000
01111001
10000110
10001010
10011010
10100101
10101010
10111001
10111010
11000101
11001000
11001001
11010101
11010110
11010111
00100110
00110110
00110111
01000110
01000111
01010110
01010111
01011000
01100111
01101000
01110111
01111000
01111001
10001000
10001001
10011000
10011001
10101000
10101001
10101010
10111001
10111010
11001001
11001010
11011010
00010110
00010111
00101000
00111001
01011010
01101010
10000110
10001001
10010101
10011000
10011001
10100100
10101000
10101001
10110101
10110110
10110111
10111010
10111011
01000101
01000110
01001010
01001011
01010101
01010110
01011010
01011011
01100100
01100101
01100110
01101001
01101010
01101011
01110100
01110101
01110110
01110111
01111000
01111001
01111010
01111011
10000100
10000101
10000110
10000111
10001000
10001001
10001010
10010100
10010101
10010110
10010111
10011000
10011001
10011010
10101001
10101010
10111001
10111010
11001000
11001001
11001010
11011000
11011001
11011010
11101000
11101001
00110100
00111010
01000100
01001010
01010100
01011010
01100100
01101010
01110100
01111010
01111011
01111100
10000100
10000101
10001001
10001010
10001011
10010101
10010110
10010111
10011000
10011001
10011010
10101010
10111010
11001010
11011010
