00000000000000000000000111111111000000011111111100000000000000000000000000000000
00000000000000000000000111111111000000011111111100000000000000000000000000000001
00000000000000000000000111111111000000011111111100000000000000000000000000000010
00000000000000000000000111111111000000011111111100000000000000000000000000000011
00000000000000000000000111111111000000011111111100000000000000000000000000000100
00000000000000000000000111111111000000011111111100000000000000000000000000000101
00000000000000000000000111111111000000011111111100000000000000000000000000000110
00000000000000000000000111111111000000011111111100000000000000000000000000000111
00000000000000000000000111111111000000011111111111111111000000000000000000001000
00000000000000000000000111111111000000011111111100000000000000000000000000001001
00000000000000000000000111111111000000011111111100000000000000000000000000001010
00000000000000000000000111111111000000011111111100000000000000000000000000001011
00000000000000000000000111111111000000011111111100000000000000000000000000001100
00000000000000000000000111111111000000011111111100000000000000000000000000001101
00000000000000000000000111111111000000011111111100000000000000000000000000001110
00000000000000000000000111111111000000011111111100000000000000000000000000001111
00000000000000000000000111111111000000011111111100000000000000000000000000010000
00000000000000000000000111111111000000011111111100000000000000000000000000010001
00000000000000000000000111111111000000011111111111111111000000000000000000010010
00000000000000000000000111111111000000011111111100000000000000000000000000010011
00000000000000000000000111111111000000011111111100000000000000000000000000010100
00000000000000000000000111111111000000011111111100000000000000000000000000010101
00000000000000000000000111111111000000011111111100000000000000000000000000010110
00000000000000000000000111111111000000011111111100000000000000000000000000010111
00000000000000000000000111111111000000011111111100000000000000000000000000011000
00000000000000000000000111111111000000011111111100000000000000000000000000011001
00000000000000000000000111111111000000011111111100000000000000000000000000011010
00000000000000000000000111111111000000011111111100000000000000000000000000011011
00000000000000000000000111111111000000011111111100000000000000000000000000011100
00000000000000000000000111111111000000011111111100000000000000000000000000011101
00000000000000000000000111111111000000011111111100000000000000000000000000011110
00000000000000000000000111111111000000011111111100000000000000000000000000011111
00000000000000000000000111111111000000011111111100000000000000000000000000100000
00000000000000000000000111111111000000011111111100000000000000000000000000100001
00000000000000000000000111111111000000011111111100000000000000000000000000100010
00000000000000000000000111111111000000011111111100000000000000000000000000100011
00000000000000000000000111111111000000011111111100000000000000000000000000100100
00000000000000000000000111111111000000011111111100000000000000000000000000100101
00000000000000000000000111111111000000011111111100000000000000000000000000100110
00000000000000000000000111111111000000011111111100000000000000000000000000100111
00000000000000000000000111111111000000011111111100000000000000000000000000101000
00000000000000000000000111111111000000011111111100000000000000000000000000101001
00000000000000000000000111111111000000011111111100000000000000000000000000101010
00000000000000000000000111111111000000011111111100000000000000000000000000101011
00000000000000000000000111111111000000011111111100000000000000000000000000101100
00000000000000000000000111111111000000011111111100000000000000000000000000101101
00000000000000000000000111111111000000011111111100000000000000000000000000101110
00000000000000000000000111111111000000011111111100000000000000000000000000101111
00000000000000000000000111111111000000011111111100000000000000000000000000110000
00000000000000000000000111111111000000011111111100000000000000000000000000110001
00000000000000000000000111111111000000011111111100000000000000000000000000110010
00000000000000000000000111111111000000011111111100000000000000000000000000110011
00000000000000000000000111111111000000011111111100000000000000000000000000110100
00000000000000000000000111111111000000011111111100000000000000000000000000110101
00000000000000000000000111111111000000011111111100000000000000000000000000110110
00000000000000000000000111111111000000011111111100000001000000000000000000110111
00000000000000000000000111111111000000011111111100000000000000000000000000111000
00000000000000000000000111111111000000011111111100000000000000000000000000111001
00000000000000000000000111111111000000011111111111111111000000000000000000111010
00000000000000000000000111111111000000011111111100000000000000000000000000111011
00000000000000000000000111111111000000011111111100000000000000000000000000111100
00000000000000000000000111111111000000011111111100000000000000000000000000111101
00000000000000000000000111111111000000011111111100000000000000000000000000111110
00000000000000000000000111111111000000011111111100000000000000000000000000111111
00000000000000000000000111111111000000011111111100000000000000000000000001000000
00000000000000000000000111111111000000011111111100000000000000000000000001000001
00000000000000000000000111111111000000011111111100000000000000000000000001000010
00000000000000000000000111111111000000011111111100000000000000000000000001000011
00000000000000000000000111111111000000011111111100000000000000000000000001000100
00000000000000000000000111111111000000011111111100000000000000000000000001000101
00000000000000000000000111111111000000011111111100000000000000000000000001000110
00000000000000000000000111111111000000011111111100000000000000000000000001000111
00000000000000000000000111111111000000011111111100000000000000000000000001001000
00000000000000000000000111111111000000011111111100000000000000000000000001001001
00000000000000000000000111111111000000011111111100000000000000000000000001001010
00000000000000000000000111111111000000011111111100000001000000000000000001001011
00000000000000000000000111111111000000011111111100000000000000000000000001001100
00000000000000000000000111111111000000011111111100000000000000000000000001001101
00000000000000000000000111111111000000011111111100000000000000000000000001001110
00000000000000000000000111111111000000011111111100000000000000000000000001001111
00000000000000000000000111111111000000011111111100000000000000000000000001010000
00000000000000000000000111111111000000011111111100000000000000000000000001010001
00000000000000000000000111111111000000011111111100000000000000000000000001010010
00000000000000000000000111111111000000011111111100000000000000000000000001010011
00000000000000000000000111111111000000011111111100000000000000000000000001010100
00000000000000000000000111111111000000011111111100000001000000000000000001010101
00000000000000000000000111111111000000011111111100000000000000000000000001010110
00000000000000000000000111111111000000011111111100000000000000000000000001010111
00000000000000000000000111111111000000011111111100000000000000000000000001011000
00000000000000000000000111111111000000011111111100000000000000000000000001011001
00000000000000000000000111111111000000011111111100000000000000000000000001011010
00000000000000000000000111111111000000011111111100000000000000000000000001011011
00000000000000000000000111111111000000011111111100000000000000000000000001011100
00000000000000000000000111111111000000011111111100000000000000000000000001011101
00000000000000000000000111111111000000011111111100000000000000000000000001011110
00000000000000000000000111111111000000011111111100000000000000000000000001011111
00000000000000000000000111111111000000011111111100000000000000000000000001100000
00000000000000000000000111111111000000011111111100000000000000000000000001100001
00000000000000000000000111111111000000011111111111111111000000000000000001100010
00000000000000000000000111111111000000011111111100000000000000000000000001100011
00000000000000000000000111111111000000011111111100000000000000000000000001100100
00000000000000000000000111111111000000011111111100000000000000000000000001100101
00000000000000000000000111111111000000011111111100000000000000000000000001100110
00000000000000000000000111111111000000011111111100000000000000000000000001100111
00000000000000000000000111111111000000011111111100000000000000000000000001101000
00000000000000000000000111111111000000011111111100000000000000000000000001101001
00000000000000000000000111111111000000011111111100000000000000000000000001101010
00000000000000000000000111111111000000011111111100000000000000000000000001101011
00000000000000000000000111111111000000011111111100000000000000000000000001101100
00000000000000000000000111111111000000011111111100000000000000000000000001101101
00000000000000000000000111111111000000011111111100000000000000000000000001101110
00000000000000000000000111111111000000011111111100000000000000000000000001101111
00000000000000000000000111111111000000011111111100000000000000000000000001110000
00000000000000000000000111111111000000011111111100000000000000000000000001110001
00000000000000000000000111111111000000011111111100000000000000000000000001110010
00000000000000000000000111111111000000011111111100000000000000000000000001110011
00000000000000000000000111111111000000011111111100000000000000000000000001110100
00000000000000000000000111111111000000011111111100000000000000000000000001110101
00000000000000000000000111111111000000011111111111111111000000000000000001110110
00000000000000000000000111111111000000011111111100000000000000000000000001110111
00000000000000000000000111111111000000011111111100000000000000000000000001111000
00000000000000000000000111111111000000011111111100000000000000000000000001111001
00000000000000000000000111111111000000011111111100000000000000000000000001111010
00000000000000000000000111111111000000011111111100000000000000000000000001111011
00000000000000000000000111111111000000011111111100000000000000000000000001111100
00000000000000000000000111111111000000011111111100000000000000000000000001111101
00000000000000000000000111111111000000011111111100000000000000000000000001111110
00000000000000000000000111111111000000011111111100000000000000000000000001111111
00000000000000000000000111111111000000011111111100000000000000000000000010000000
00000000000000000000000111111111000000011111111100000000000000000000000010000001
00000000000000000000000111111111000000011111111100000000000000000000000010000010
00000000000000000000000111111111000000011111111100000000000000000000000010000011
00000000000000000000000111111111000000011111111100000000000000000000000010000100
00000000000000000000000111111111000000011111111100000000000000000000000010000101
00000000000000000000000111111111000000011111111100000000000000000000000010000110
00000000000000000000000111111111000000011111111100000000000000000000000010000111
00000000000000000000000111111111000000011111111100000000000000000000000010001000
00000000000000000000000111111111000000011111111100000000000000000000000010001001
00000000000000000000000111111111000000011111111100000000000000000000000010001010
00000000000000000000000111111111000000011111111100000000000000000000000010001011
00000000000000000000000111111111000000011111111100000000000000000000000010001100
00000000000000000000000111111111000000011111111100000000000000000000000010001101
00000000000000000000000111111111000000011111111100000000000000000000000010001110
00000000000000000000000111111111000000011111111100000000000000000000000010001111
00000000000000000000000111111111000000011111111100000000000000000000000010010000
00000000000000000000000111111111000000011111111100000000000000000000000010010001
00000000000000000000000111111111000000011111111100000000000000000000000010010010
00000000000000000000000111111111000000011111111100000000000000000000000010010011
00000000000000000000000111111111000000011111111111111111000000000000000010010100
00000000000000000000000111111111000000011111111100000000000000000000000010010101
00000000000000000000000111111111000000011111111100000000000000000000000010010110
00000000000000000000000111111111000000011111111100000000000000000000000010010111
00000000000000000000000111111111000000011111111100000000000000000000000010011000
00000000000000000000000111111111000000011111111100000000000000000000000010011001
00000000000000000000000111111111000000011111111100000000000000000000000010011010
00000000000000000000000111111111000000011111111100000000000000000000000010011011
00000000000000000000000111111111000000011111111100000000000000000000000010011100
00000000000000000000000111111111000000011111111100000000000000000000000010011101
00000000000000000000000111111111000000011111111100000000000000000000000010011110
00000000000000000000000111111111000000011111111100000000000000000000000010011111
00000000000000000000000111111111000000011111111100000000000000000000000010100000
00000000000000000000000111111111000000011111111100000000000000000000000010100001
00000000000000000000000111111111000000011111111100000000000000000000000010100010
00000000000000000000000111111111000000011111111100000000000000000000000010100011
00000000000000000000000111111111000000011111111100000000000000000000000010100100
00000000000000000000000111111111000000011111111100000001000000000000000010100101
00000000000000000000000111111111000000011111111100000000000000000000000010100110
00000000000000000000000111111111000000011111111100000000000000000000000010100111
00000000000000000000000111111111000000011111111111111111000000000000000010101000
00000000000000000000000111111111000000011111111100000000000000000000000010101001
00000000000000000000000111111111000000011111111100000000000000000000000010101010
00000000000000000000000111111111000000011111111100000000000000000000000010101011
00000000000000000000000111111111000000011111111100000000000000000000000010101100
00000000000000000000000111111111000000011111111100000000000000000000000010101101
00000000000000000000000111111111000000011111111100000000000000000000000010101110
00000000000000000000000111111111000000011111111100000001000000000000000010101111
00000000000000000000000111111111000000011111111100000000000000000000000010110000
00000000000000000000000111111111000000011111111100000000000000000000000010110001
00000000000000000000000111111111000000011111111111111111000000000000000010110010
00000000000000000000000111111111000000011111111100000000000000000000000010110011
00000000000000000000000111111111000000011111111100000000000000000000000010110100
00000000000000000000000111111111000000011111111100000000000000000000000010110101
00000000000000000000000111111111000000011111111100000000000000000000000010110110
00000000000000000000000111111111000000011111111100000000000000000000000010110111
00000000000000000000000111111111000000011111111100000000000000000000000010111000
00000000000000000000000111111111000000011111111100000000000000000000000010111001
00000000000000000000000111111111000000011111111100000000000000000000000010111010
00000000000000000000000111111111000000011111111100000000000000000000000010111011
00000000000000000000000111111111000000011111111100000000000000000000000010111100
00000000000000000000000111111111000000011111111100000000000000000000000010111101
00000000000000000000000111111111000000011111111100000000000000000000000010111110
00000000000000000000000111111111000000011111111100000000000000000000000010111111
00000000000000000000000111111111000000011111111100000000000000000000000011000000
00000000000000000000000111111111000000011111111100000000000000000000000011000001
00000000000000000000000111111111000000011111111100000000000000000000000011000010
00000000000000000000000111111111000000011111111100000000000000000000000011000011
00000000000000000000000111111111000000011111111100000000000000000000000011000100
00000000000000000000000111111111000000011111111100000000000000000000000011000101
00000000000000000000000111111111000000011111111100000000000000000000000011000110
00000000000000000000000111111111000000011111111100000000000000000000000011000111
00000000000000000000000111111111000000011111111100000000000000000000000011001000
00000000000000000000000111111111000000011111111100000000000000000000000011001001
00000000000000000000000111111111000000011111111100000000000000000000000011001010
00000000000000000000000111111111000000011111111111111111000000000000000011001011
00000000000000000000000111111111000000011111111100000000000000000000000011001100
00000000000000000000000111111111000000011111111100000001000000000000000011001101
00000000000000000000000111111111000000011111111100000000000000000000000011001110
00000000000000000000000111111111000000011111111100000000000000000000000011001111
00000000000000000000000111111111000000011111111100000000000000000000000011010000
00000000000000000000000111111111000000011111111100000000000000000000000011010001
00000000000000000000000111111111000000011111111100000000000000000000000011010010
00000000000000000000000111111111000000011111111100000000000000000000000011010011
00000000000000000000000111111111000000011111111100000000000000000000000011010100
00000000000000000000000111111111000000011111111100000000000000000000000011010101
00000000000000000000000111111111000000011111111100000000000000000000000011010110
00000000000000000000000111111111000000011111111100000000000000000000000011010111
00000000000000000000000111111111000000011111111100000000000000000000000011011000
00000000000000000000000111111111000000011111111100000000000000000000000011011001
00000000000000000000000111111111000000011111111111111111000000000000000011011010
00000000000000000000000111111111000000011111111100000000000000000000000011011011
00000000000000000000000111111111000000011111111100000000000000000000000011011100
00000000000000000000000111111111000000011111111100000000000000000000000011011101
00000000000000000000000111111111000000011111111100000000000000000000000011011110
00000000000000000000000111111111000000011111111100000000000000000000000011011111
00000000000000000000000111111111000000011111111100000000000000000000000011100000
00000000000000000000000111111111000000011111111100000000000000000000000011100001
00000000000000000000000111111111000000011111111100000000000000000000000011100010
00000000000000000000000111111111000000011111111100000000000000000000000011100011
00000000000000000000000111111111000000011111111111111111000000000000000011100100
00000000000000000000000111111111000000011111111100000000000000000000000011100101
00000000000000000000000111111111000000011111111100000000000000000000000011100110
00000000000000000000000111111111000000011111111100000000000000000000000011100111
00000000000000000000000111111111000000011111111100000000000000000000000011101000
00000000000000000000000111111111000000011111111100000000000000000000000011101001
00000000000000000000000111111111000000011111111100000000000000000000000011101010
00000000000000000000000111111111000000011111111100000000000000000000000011101011
00000000000000000000000111111111000000011111111100000000000000000000000011101100
00000000000000000000000111111111000000011111111100000000000000000000000011101101
00000000000000000000000111111111000000011111111100000000000000000000000011101110
00000000000000000000000111111111000000011111111100000000000000000000000011101111
00000000000000000000000111111111000000011111111100000000000000000000000011110000
00000000000000000000000111111111000000011111111100000000000000000000000011110001
00000000000000000000000111111111000000011111111100000000000000000000000011110010
00000000000000000000000111111111000000011111111100000000000000000000000011110011
00000000000000000000000111111111000000011111111100000000000000000000000011110100
00000000000000000000000111111111000000011111111100000000000000000000000011110101
00000000000000000000000111111111000000011111111100000000000000000000000011110110
00000000000000000000000111111111000000011111111100000000000000000000000011110111
00000000000000000000000111111111000000011111111100000000000000000000000011111000
00000000000000000000000111111111000000011111111100000000000000000000000011111001
00000000000000000000000000000000000000000000000000000000000000010000000000000000
00000000000000000000000000000000000000000000000000000000000000010000000000000000
00000000000000000000000000000000000000000000000000000000000000010000000000000000
00000000000000000000000000000000000000000000000000000000000000010000000000000000
00000000000000000000000000000000000000000000000000000000000000010000000000000000
00000000000000000000000000000000000000000000000000000000000000010000000000000000
