1010101010101100011010101010101010101001000010111010101101010010100010000100011010010010100101101101001010000110010000101100101110010010010000110000010101001010101011011010100000101010110000011011010101000010100011010101100010101010101010011101001011110101
0010100010000100011010101000100011110100001010010111010101010110110100000100101111001011010010101010101010001010100010011010100010111011101101101110100110101110101010010011111010100010101011101001001011101010000100010110100110100001001111000101101111001101
0000101010101001111000101010110011011010010101110000101001010101010010010101010001001001010001010100110100001110010010010110101001101000011010101110000100100010100101010010111100110101101010101011000010001001001010000100000000101010100010000111000110000001
1000101010100101011000011100010010110100011001001011010111100000100000001100011010101010111011101000001100101101100010010010101100100101001010110010110101101101100000010110101000110010011001100010010100101110001001010010010000101100101010111000000110101111
0100101010101111111010101010000111001010011100011000001000101010001010100010101110100010001000110010000000010011001011001110011110110110110010111010011011101011101100100110110011011010011000100101101000110110000110101101111000101010101010000001000011101000
1110101010101101000011000101110111011000010101100000001001010110101000000101010010001001011101111000101100110110000101010101011010110100110101111101011011010110010100100101101001010011010010100101000110100010010001101011100111111110101001100100100010000000
0010000010100010011010101010111000101010101010000011000101101011001110010101101110001010000010111010001100011000001100111000101110101010010010111010101101001010101010101110101110101010101010101001010101101011010101010110111101010101011111001110001001110100
0111010101010110011110110100001000111010000101110110101011000110101000101100100110110010001011101010101010101110000000101000010000100100100101000001010001010101001101001010000110010100001010010010101000100110101010101010100100110010101000111101100001000110
0010101100101011101010001001100010111010001010011010111011101010001000101011001000101010100110110110101011001000011010101010101101001010101011111010101010101010101010101010101010100010101010110010100011101010011010100010100100100000100010010010001001011101
0001111101010110110100000101011000010000001110001000000111111011110010010110101110100101000000101010100000001011000100001000001010010101100001101011011101000110100101110101101001011011010010101010101101011010001010101010100010101010110110010100000110000010
1110101011101110110010101010100010001010010100101010101000010010001010001101011110111000101110100011010011110011000010101111111010110010011111001011101001101010100010000010000000000001001010101011000010101000101000001010100101101010101000101101011110011011
0010001010111110101010101010100101100100101101101010010000101010011010001010101111101010001010011010100000101001001010010011101010011001000011110010100100101110101010010010100010101001101011101000101010100011000111000010100001100001101000001001100101100100
1110101010100101101011011010101111010100100000100101010000101101110101000101011001010110010101000101000001010110110100000011010001011100101101101000010010110111101011000001011010000100100101001010011001010100001000010101001001101011110000110000111011101101
1000101010101111111010010101011000101000010101001010010100010101101001001001011100110000101101011000000010000100100110000100111100101011001001100000001100101100100101010010010010010101001101011011000011100111101010101101011001101011001011110001101000011111
1110101010101000111010101000100010101100101000011110100010101011001010001010101000101000101010111010100010101010001001010100011010000000110000101010100010011001001010001001100110010110100010110100111010001010000011101010100000101010101011110110010111100011
0010101010101000010001010010110011101011010100101011010001011110000100101100100010001010110110101010101001001011101010110110011010101001010110101100110100001010010001111010101111010111000000110101011101001001011101001010100101110010101011000111100110010000
0010101110001110101010101011100000100011101010111011010100001010000101110100101111010101010000111001001010010010000100010000001110001001010101101010101101010110101010010111011000101011011101100010101010010101000100000100110011010101010100011011010001010111
0001000100010011101011100000011100111001011101111010100000101010101010000100101110110110011010111010010010001111000001001010100010100101101011011010010101101100001000010111010110110001010100010010101001000001001010101010101001011010101010110101110011010001
1100101010000011101010010010100100100101001010010011001001101010001001011100101110100001011010111110100100101011111010110010101000000010110110100001111011011010111011101001010000110011101100101100011110001001110101101010101000101010101010110001010111010010
1001001110111000011101101010101010010110111010111001000010001110100001001001001111100010110010101010001011110101001100101001011010010010101100101010001010110110101000101001001100100010010000110010100001001010001010101010111000000010101000000001110110101011
1110101011100011001010101010101010101011001010111010100001101011101000101100111110101000100010111011001010001010001100101000110000111110100010110011111010001010001011000000100100101100111010101010101101101010101110000010110000001010101011011111010011111000
0010001010010011101110101000100111101010000001001010101000001010011010100100101101101010001010100010101011111011100010110010101100011011101011111010100110101111101010001010001100100110101011000011010110101110000100101010100000101011101010110110000100110101
1110101010100101011010101010100000011010101010000101001011101010010010001110111001010010010001110100001101010001010010000100100101001001101010011010100110101110101010000010101110101000101110000010100001001011011010010101011001101010101000111011110110001011
0101101010100010011010000101000111100100110101011010110010111100100001001010001100010100101011001001011010101100001010100010101110101001010000100010010000101101001000011010111000100000011001101010101001100110001010000100011101001000001010110100110110101001
1110101010101000101010101010100100000111101010111010011000101010001010101010100010100000100000111001010101011011000100011000001111000001110000101010100000010010101011001100000111100010101000101011001010100010000100001000100110101010101001100100110011100010
1010101010110010011110100100101000101000011011101010100100001010001011010101001000100100101000101010101010101111101010110010101110101010001010111110101001101010010100010110100111010010011010100001001000101011110110111110100010100100101011101100011010110101
0110101010010000011010101010111000100110101010101010100100101010101001000100101010100100010100101100010001010101100000101101001010010110010100101001000000001001100110101010101100111010101010101001101010111111110101001000010010010101010101010110111101010010
1011101101000001111111010101011011101010100101111110001000000011101010101010101100100100101011100011010010101111011100101010000000100110100111010011011001000101000101000000010010110110100101010010101010101101101010101010101000101010101011001011011100101110
1000101011100101001010011110101110101001011010111010001000101011000110100010001010000011010000110100000101011010011000010100101001001001010010010101000101010010110100010101011110101010100011111010100000101010101010001111100110101110101011001110010010011000
1100110011011001000111001001010001101110011110100010110110101010001010001010101011101010101010101010100101001011001011010101111010110111010010110011011011001010101000100100101100110010011010100011101010101111001010101010100110001010101001010010011101010111
1100100010110101110010101010100001100010010100100010101011010011101010001001001010101000100101110000111010110010100010101100001010011010000100100000001000111000100100100010001000010100101010111011010010101000000001001010110000101010101010001000001010001000
0010000010000101011110101011100111101010010000101010101000100010110010101000101001101010010010101010101001011010000010111010100110010111101011111011110110101100101011011010110000110000101011100000000010101001101000101010100000101000101010000111000011010001
0010101010110011011011101010001101010010110100111001000011111000010100000101100001011001010011000111101101010111110110110000101101110110101010111111011010110110100101011000011100110110000001001011101000010010001010110001000010101001010000011011111101111001
0111101010100011011100110101011110111010110101010011011011001100001110000001011100110000001111011011101000100100101110010011111100101001001010100010010010101100101101011011110000100101100100101010010010000111001001011101111110101000001010100011011101010101
0110101010101001011011101010001101110101010010001011010110101011001101000010010110110100011010111010000111011010011011010101001010101000010110111010100010000001101010100001010011001010010100111101000101010101110100000010100000101010101010101110110010001010
0010101010100010100000101010101001110010101010110001101001000010101010110101001110000011000001101001001010101110101001001010101110100101011010111100000100111010110010101001100110001010111110110000010010010011000101111111100000110110101011010110111110100001
0110001011110110011010101010001010101010101010100010010101001000000001010101101011010001010100101100001000000011101000001000001010001100001010101010110001000010101010101010100010110010100001100101011010010010110101010101010110010101010111111001111001001111
1011110100010100011011010100110110101010100010000010101001101010001010101010101110101010001011100001010010010110000100001000010010010000100101000011010010000101001001011100000010000100010000001010101010100111001110101010101100101010101000100111111011111111
0010101010001100011010001010100100110101001011110011000010100010001111001001011110001000010110101100101101111010011010010110101111101011010100110101011001010110100000100010001001010011001011111101100100101010011101011010100110101110101010111011001000000011
1110011011011111000101100101010010011010011001000010101000101110110010110010101010101011000010001010101110011010101100110010011110010100101101101011001010100010101001010000101110100101101010100010010010101011011010101010001001101010101011100000010011111110
0000111010100101001010100010101100100100010001111001001100100000101000010100001010100101010100101010000010010110100000101000001011010110101000101000001010000110100101010101101010010101011000110000000010101000100000100000100000101010101011000110100010101010
0001101010100101111110111010100101100101101000100001010110110111110101000110101011010011011010111010101001101011100010010000101110011001000101111111010110011101101010011001111100011000100101100000101001010010100000010100111001100010000011000010110111111111
1010101010100101101000101010101000110010010101101011000010000101010101010100111001011001010010111100001000001011011010101010101011101010101010101110101010000010101001010101011110111011000001011010000100000101101001100101001111001010110000100000011111010001
0110101000001000111001010100000000110100101110011001011010100000100101101000111010010010001111010011000000011000101000000010111110101000101010100010101000101010001010000001110000101010010101000010101010110111001010101011011101101010101000111001101111001011
1010101010001001001010001010101101100011101010110011001110100000101101001000010110110101100100111000000011010011101000101000011110101010100000111010111010000000001001101000100010100110101000001010011010010111110101000000101100101010101011001111100011100101
0010101010100010101100001010100110111010000111100011101010101010001011000000001010101000000100111010100010100010001010000100000110101010010010101100101001101010110101000110101111010100101010100101101011101011001010101010101110100010101011010001000011011101
1000001010100110001010101001110000100100001010110011000001101001011101001100100011110010110010111111101011011011101100001100101010111010111110111010101011001010101010100010101010101000111010100010010010101011001101101010101110010101010100110110110000010101
0101110011000110111110011101111000101000010010100110100011101011001010001010101110100010101010100011000010110110110100101000010000110100100001001011100110000001000011010110000110100101010110010010111010101100011110101010100010001110101001010010111100111001
1100101010111010001010111100100110111110010011111010111001000010100000100011101110011011010010111100100101001010011011010110101111001101011000100100100100010111100100010101001001101000000111111010110010101011001010110000100110101110101000111111101110100000
0000101101111010101001010101010110101010100110111010101010001010100010100010101010101010101010101010100010101001101010000110101010101101010010111010110101011010101010101000101010101001001010111010100010101010101010101010011000001010101010110100001111010101
0110101000111101001010101010101000101010010010110010100000010111001100101001011010000010101101110000001010110111000010101001000101011010100000010001101011001010100000101010010110010110000010111000010000001000001000001010100110101000101000100011000110101010
1011101110011101111010111000100001110101001011100111010110001111111101000010101101100010011010111010101000101010000010110000101010101001101001111010110111101110101011000100111000100101011111111010110101001001101110000000101010000001001010010101101010110110
0100100010001000001010101010101110101010101010100100101010000100010100001011010001010101100101010111010001010111010000010101001001000010001010101010001010101011101010001010111101100000101001000010000010000010111010010101001101101010111011000101100110001101
1100101000001100001000100111001000111010000110000011000000000100100101101000111100010010101010000001100010101001100100001000111111101010010011110010101100101000101010011010011110101000101001000010101101000110001010110101010010011010111011101010000111010001
1100101010100110100010001001001110110000101010111010001010101011101010101000101010011001010101111101010100010010100101000101011111010000010001110001010101010100100101000001001010000010100000101010101010101000010000101010100011101010101000111010000111011011
0000101010101100110011100100110100000000110101110111010000010111000100001101010110100001100101101010111010010111100100100101011111011010010101101101101001000010110100100000101001010110101000100101010000101011110101011010101010110100101001110010011111101101
1100001010100011011010101010100000101110110010110011011101111011000110110100101111101011001010001100101101011011000100010101001111111011010110001010101010011000101010100100101100101011001010101100010010101011010100000010101000010101010101001100000000100111
0011110101000111101010110110010100101010000101101110101011100010001010100000101110101010010010111010010000001010111110001010101100101010101010010010101010101001001101101000100010110101010100000010100001010001011010101010111011110010101011011110100111101011
1110101010100011001010101010100010110010011010111011110110011011000100101000101110110010110010110111001011001011111010110010101010101001001010100010011111000110101001101101011100110010101100111111000010100011110100110000100100101110101001011101100011111001
0010001100011101101011111010101010101100101010110000100010100010100010001011001010101000100010000010111001011011001011001001101010101110000110111010100010011010101010001000101010101010010000101010101001001011101010101010111000011010101010111010111001011100
0110111001101110101010100010100010110100001000110001010110100011001000001010101010000000110100100001010010010010000001101000011110000010100101000001001011010011100101010101101010010101001010111010100000111001101000000000101100101010101001110001010101010111
1011101010000100101010101011101111101000101000111111100100100111010101000100001011001000011010110010100100011011100010010010101010111001101001100010101100101010101001011010100110110011001011101000101010101000101101001110101011100001001001000101010110101011
1110101011101001111010101010001100101010101010001010101010101100110010101010011100010100101101100101000001010110110100000000101101011000001010111100100000010110100010100100001101111010000010001010101010101011111010101010100001001010100011110010001101110101
0000101000001011101010100101010110101000010101011010101100010111001101000000010110110000101001011011010010101101001100101100101000101111001010110010101100101100100010101010011010100100001011101001110000001110101010110100010010111111011011011001111101101010
1000101010101100011010000010000110001110000000110100101010001011101010100010100010101010001010100010100100101000001001000111111010010100010110111010000010001010100000101100100011010010110010010000001011011110100110101010110101101010101010001111110011001010
0110101010100111111110101101111010101010110101100001101001010110000100101101010111010100000101111001010000010100100101000101001001010010110101101101001000010100010100100100001001010110000010110001010000101011000101011011100101111110101010100011110111101010
0010101010110001011010101010101110100011001010010011000101101011101110010101001111100001010100111000000110000010100100010010001011001001000000111000100010100010101010101010001010101010101010111101010100110111100101010100110101010101010100100000011001010101
1111000101010100111111010000010110101000011110110011111110101011101100000010101010010100011010100011010101011110100101011001010010100100100101001011011010010100001101011101010110111101010101000011101111011000101010101110101101101010101001100111111010111101
1110101010000011111010110110100000010101010100101010000100000011001000001010101110100000101010111010000010101011001011010100101110001011000101110101101001010111100100100100111001000100010110101101010101001010010000101111100100101010101010111010100011000111
0110110101011111100101010001010001010101101000110100111010101110111000101010001110100011111000100010010000010110101101010001011010110001010101101000000101000110101010001000011110100101101010110010010110101010001010100010101101101010101011000001110110100100
1110101010001111101010101110101100101010010100101010101001010011101010100100101111100000110010100000001011011011000000101101001111000010110100111001001000011011100000010100100010010100001010101010101000101011001010000010100000101010101000010000011000111010
1010101010101100011010111010100000100100101000001100010011010111010100000111001111110011000010100010100110001001100010011010101000011001001101101110100100111110101010010011111110010000100001111001001010110000000010010000100100100000001110000100100110111100
0100101010100100111011111010000001010010000000101001000001010101110101010101011001010000101001100110100010101111111010001010101100100010101010101111001010101110100010011010001100110101000001111010100101000101101001010100010111101101000001011010011101111110
1011100010001010111101100101000010110111111101010011010100100100000100010010010010010101001001001000010010100100001101001001011111100010100101000011010010010110101101001001011110101000110101101010000101010111001111010101010010111010111010111100011010001000
1100101010100010011010000010101100101011001110111101001010001010001110101010101100100010001010101010101100101010001000010000010110010101110010111010111010011010101001101100101010010010110011111101001011010111100100101001000010100010101010101100011010011010
0110101010101001110101010000111000111101000000100011010000000010100101000111000010100000101000101001001010101111101010100000111010101010010001110110101101000010010110110010101011011011001000110101000011011000010101001110100100101100101010000110011010110010
1110000011010010011010101010111000101010101010010010100000101010001010000110101010100110011010111010001011101011001001100100101000100000111010111010101001101010101010100010101000101001001010110010100010101010101001001010101111010101111100100100001001110111
0011000111010010001101010101011010101000101101101010101010100011101010100010101100101001101011101011110101011111000000011111000110110100110101010001010111011001001101011100010100110001000010001011100110100001001010101010100001101010101001110001110011001100
1010101110100110111010101100100110111000100011110011000001001011100100100100101010101010010010100010101101001011001010010110100011011001000101100101010101001110110101001011001101110110100010111010011010100000101011010010101100101010101010111011001011110001
0100001001001000010100001010001100001010111010011010100011011010011000011101001011000001010101101001010101010010100101010100001010010001001011101001000110101010101010010010101000101001011010100010000101111010101010111010101001101010101010001001100011000101
0100101011101110101010101010101100111101001010110011111000010010101101010101011010011100010101110010001010010011110000101010111010010010001100100000110101111011101000011010000010110101101000011000010101001001001010011111100000101010101011110100100110001111
0000101110010000111010101010100101100000100000111101010001010110010101011100101101011011001010011010101101001011101010110011101100011001001101101110100110111110101010001000111000100010011111111001101011101010100101010001101000100000001011110001011000100111
0101100100000101111010101010101111010000000001110101010001010100010000000101000101101010010010110100101000001010001010101010101111101010101010111010101010101010100000101000111100001000010101100001000001010111101010000001001101001000110010111110010101110110
0000101010101001011000100101011000111010010101010101010011001000100101000101100100010100111011000001010001101100100101000010111110100110001001101010010011100110100101001001011000110100110101100010100001010110101010010101010010101000111010100100100010100000
1010101010101001101010100010101111100110111110101000011010101011101011000010100010101010011010100011110011100010001101111111111010110111110101101010011011101011101100100110000101011010011011101101101001101111000001101100110000101010101010000100010010110100
1010101000101100001001110110100001000101001011110111000101101011110000010110110011101001011010101010100100101010011010010110111010101101011010110110110101000011011011110101001101001011000101001100101101010001101010001010100111101010101010101101110010010000
0010101010111111011010101111100010101100101010011001100000001011101110000010101010011101010110100101000101010011110000100101001101010011010101111101101101010011101010110100010000111011001010110100101010001101100000101000011111010010001100000001101000000001
0111010000010111111010110001011010101010110101011110101100001011001010110010101110101011000010100010000100101011000100011010100110101000101011000010010111101101001100010011010000010100110101010010101010010100001110101010100001101010101010010111010011100010
0110101010100000101010000011101010111000000100101111000011010010000000101100101010001010010100111010101001001011111000000100101011100001001010100101010100100111110101001000111100010110101010101001010000001100100001100010100110101110101011110111011011011011
1100111010011101100100000101001110000100100101110000100010111111101011011010101010100000110010110010000011000111100101000101011000000001010101111001010101000111100100110110001010001011001010100011000100101011101010110010101000101010101001000001101010000000
0110100010101000001010101010100000101110011010110000110100010111101001010101011110000100000101111101010010000011010000101010101010010010101000101010010100101010101010001001001000000101110010101001010101000011101010110010100000101010101010111000101110101001
0101101110110000001010101010101101100010100100011110001000010110100010110001001110110001101010010010100100101010100010010010101100101011000001101001100100001110101110010111110010110101101111111001010000100001010101001000100110000000001010111101101011011001
1000101010100010011011001011000111010110100100110110011011000110100001000100001001001001010000110110101101001010010000100010101001001100101010111010111010100011101010011101101110111001010001010010100001100010001000001000100011101000001001000011000100001101
0000101010101110011001010101011010100101000101111010000100011100100011011001011100001001100001001000000110101100000001001110101000101110001010100010110100101100101101010010010010000001001101101010100010010110001010101000111001001000001011111111001001011110
1010101010101100101010101000100001101010110010110000001011001010001010100010101100100010001011001010100001011011000101000011011010101010111110111010111001101010101011100110110111111010011001110100101000111111010011110010101000101010101010011001000010111000
1100101011101100110101010000110001000001010010100101000000100010010000001010100111010010101011111000001010001010000000100000101110100010000001110110101011001010011010100101001111010100010010110101010000001010010010000110101000100010101010000111110001001001
0100011000111000000010101010110010101000001010110011001000101000010010100110101110100010110010111011001011001010001101101110101010111010010010110010101001101011101010100010100000101000001010111010010010101001001101001010100001010101111111011001110001011110
0111001101010111001101000001011110101010101100110110100010101011001010100010101010010011010111111011011100010110010101101011010110110100101001000011010101110101001110010001000110100101010100010010101011001001001010101010101110011010101010101011010001001000
1000101010101100111000110101100110101000010110101111101011111011100110001111101010001010110100110110101001100010010000000010100000010110110010100101101010010010110110101010111100001101011000101111111010101001101010101010101100101110101011111010011101001000
1100010101101001010101110101011000000010000110111010101000001010100000100010001010100110101000111010110010100011100001101011011110100100100101111001011001010110100100010101001110110001000010110010100011001001101010100010101001101010100010100100010101000000
0110101010111110101010101010100110101000001010001001000000101010001100000110101110010010111001011001101011100010110110101011001011011010101101100001111001010110101011100000001010100101000010111010101100100011101010111010100100101010101010010111000000011100
0011101000101110011010101010100011100100001000110001010101010111010100101101101010111001110010100010101100101000001010010000101010101001000101111100000100101110101011010011111000101001101101111000000001010011000000010001100011100000001111101101111001001100
0000101010001001001000001010101011010100010010100001100101011001010100010100101001001010000010111010101010001010001010101010100100101010101010011000111010101110100011001001011100100000010101100010101101001010011010010101000011001011000000101101010111111111
0010101010011111111011111111000000110101101001010001000100100101000101010110011100000001101011100000100110101100000000011010101010101001101000100010010110100001001010011010011100101001010101101010000001010110101001010001001110101001001011110000000110000101
1000101010101101110010101011001010011100100010001110111010101011101010111001011010100101010101101010000101110111101010001101011110110011010100111001010101101010100101101011101010010010101001100100001010000010110100101010101100101010101010101101011010011101
0110101010101111010111000001010100011000110110111001110101010011001101000010001110010100101011101011101010101010101000101010101110101010110010100110101001001011011010110010100011010001100010110100001101011000110110000101101110110100101011111111010011111110
0000101010000111101010101010100010101100001010000011010001011011000001000101101011100110010100101000011011000010000001101100000011010000110001101011001001010011101100101010100111011010100111101001100000010100100101010101011110010101010100011101100001101110
0101010100010101011101000000011100111100001000101110101010101011001010100110101000111000001010110001000100111011001101001010100010101000101011011010110001000001001010010001010110100000010101001010101001010100101010101010101000100010101010010111101110101111
1000101010101110001010100010101010010101010110111001010101010011001000100000001010000010011010101010101000101010101110110110001011010101001001100100000110100110101010001001001001110100010100101001010101111010101111001101101100101110101000101010101111010101
0010010111111000000101010110101000010000001011100011100010101111110010001010101010100000101010010010100011101111101000001010111010110101100001111010010010010010101011011100101100101001010010110010100100101000001010101010110110101010101010100010111010011000
0100101000101101101010101010101100101010010010000010110001010011100100101100001010001010110001110000001011000010100100101101001100010010010001111001010101001110100011010001000010101010100000111011110000001001000101011110101001101010101010110011000011111110
1101101010001110111010101010101000100100101010110110010000001000000100010010101010110011101011111010101010101000001010101000100000111010000111101011101001101110101010110110000010101010001011111010101101101001100010110000100110101001001000010110011111000101
0001101010110111001001011010100010010100100001111101011100000111110101100000001001010000010100100101100101010111010100000011001001010010101110111100001010010110100010101101011110100001010101000010100101010111101100010101100000101101000000000001101111011010
0100101010100010011010100101011010101010010001001010101000000000001010010010011100101100101001011010001010101101101000101010101000101001101011101010010110100110101101001001111110110100101010111010100110101010101010010101110100100111001011000101100011000000
1010101010000010101010001010101000000000101010011101000010101011101100001010000010100000100100111010000010100010001001100000011110101110100000111010011010000010101001101000000010110110100100100011001010000101100100100010100100110010101011010011101010000001
0110101010110001000100011011101001001000100010000101001010101010111000101001001110101000000001101010100000000010101010100101001010101010010100111100100011011011110101010010101111010000101010111100101010101000101010101010100110101010101100001110011001000001
1110100010011010101010101010001010101010101010001011001001101010001100110110101111010000110110111000010101010011100100011100000010010001101000110010001010001010101010101100011000101010101001110010101010100111100101010011010001010101010101110101001000011010
1011000000010100101101000110110000100000101001110110000010100010101010001010101000100000101011111000100010110011000100001000000110010000110001000001011101000101000000010101010110000010101101001011101010101001101010101010101010100010101010011100000000111011
1110001111100101010000101000101001001010101011100010101010101010101000101010111000101010101011100001101010101011110010101010101111101010101010000011101010001000001010101010100110101010101011001110101010101001111010101010110110100011100000111100110111011101
1100010001011101001101010101011000010001010100111001000001101010010000000110001110100001011010110010001100101010001010011010101000100001100001101011001010010010101000010100001110110001010010110010100101001010001010101010100101101010101011100111101011101010
1010100010010100111010101010100000101011000110010010100000001010000100001001001110000010100100011001001010110110110110101010011011011010100010001001101010001010100100100011010000010100110000111011000000101011001100010010101111101010101010000001100011100001
0100101110011010101010111011101110100110100100110101010101010111110101011001001010011001011010101010100100101011101010100010101000101001001011111000111100101011101010110010101000010101101011111001010010110011000100010001100100100000001010011001110010110100
1010101010101010011010101010100100010010101000111001010010110101010100001001001101000000010101110110101101000010101010110000001001101011101010111010001010101000100010101000101110011000101010011011010110011001111010010100010101101001000001100110101111101010
1111101010101110111011000001011100110100100101001010000101010000100100011001010100010100100101011000001000011100001000110100111010101011000010101011000110111110100101010001111100010011110101010010101001010010101010010101000011101000111010001100001110001000
0010101010100001000010101010001100100010101010111000001000101010001010000010101110101101010011101001010111000110100101010101111110110101010100111010101011000010100010101010100110011010100000100100011010101011001000101010100100101010101011100101011011110000
0110101010100001010100000000011111001000010110110101110010001011010001001010101111000010101010011000001001001011000110100101011010101010010101111100101011011010010100101100001011000000110000110000001011001010000010100011101010110010101011100001100010010100
1010101011010100001010101010101100101010101010101011101010001000000011010100101111100111010010101010001101011011011100110111101110010000010110101010101000101001101010111010101110101010100010111100100010011000000100100000100111010101010110100100010001000001
0011000100000000101000010101010010101000010101111110100101010010101011000010100110110101101011101010011010101110101101001010100100100001101011001010000101100101000001010001010000010101110100011010100111011010011010100110100100101010101001111100011011111011
1010101000011010111001011101100100101010101010101011001010100010000000000101001010000001010100100100000101010010010001010101100111100101010100100101010101000011110101000101011010000010101010111010101010101000100000100011101111101010101010110111110101101001
1100011011011010110101100101010110000010110010111100101100101011011000000010101111100110000010101010000100011110101101100000011110110110101101111010011000110111101001110010001110100101100010111010010110001010101010101010101001101010101000110010011111011010
1110101010101100111010101010101100101010010100101010101011000011101010101101001011111100100101101001001010010011011100101101001011011010110100110001001011111010101011001010101110001000001010111001111011101010101011000010100010101010101000010101000010110010
0110001010100111001010101010100001101110010000000010101010000110010000101101101111100010010010110010101110001010000010110010100010011011101011111010010010101000101010001000100010100000101010101000101110101001100000001010101011101001101011111001010101110101
1000101010110000011000011010101010010011101010101001110101000101110111000101010101010001000101011101000110100100011100100010111001100100101010111011000010101010101010110100111110101011111001000010100101001110101001010101101100101001001010100100101011111001
1000100011111011011001100101101000100100000101110010110001000101000101001010011000100100101001100001011010100100101000110010011100100101101010111011000101101010101010100100011100100010011001111011010101000001001101010111000110101001111011111000101010000100
0100101010101100011010101010001100110100101010010010001010101011101000000010100110010101010001111001010100100010100101000101111011000001010101101010000001000110101010101001001010101010100100101000101001011110011010000100001100101010101000000011101010010001
1010101010101011000001000100110001011010000100110011100101001110010001001010010011011110101011111000001010101110000110100011010111101010101100111110101010010010110010100101101111010001000000110101000001111011110101010010100010110000101001101011110010101111
0110101011011000011010101010000110101110101010111010010101011010101000010100101011000101100010101101000001000011100010010001000010011000000000101000101010101000101010101000101000101010101000101100000110010101000100010101001010010101010100011000111100010100
1101000101010001011011010101011110101101010101001010110100111111101011001010101100010010001011110010010110001010000011010010110010000000110110010011010100010101001111011101000010110101010110011010101101001010001010101010100001101010101000010011011110111111
0000101010001110001010100110101110110001010010101001010101000011100101001010101010000010001000111110001101101011001110110110101111010011001001110100101100000011100010110001001111010001000100101001010101001010010110111000101010101110101011111010100011111010
0100000111011100100111001000001110001010101010110011101010101010100010100010101010101010101010101010101001001010001010010100101110101101001110111010000011101010101110100110101100101001101010111010011010101101011010101010101000101010101000000001000101110000
1000101011100111001010101010110000111110110100110001001001010111101110110110101110110000110000100101010011010011010101101001001011010010000000101001001010000011100101000100001110010101010010111010100101101001101010111010101100101010101010110110001000010011
0100100001111010001010101010100011101100100100101010100010100010010000001101101001110010000010110011101100001011101010110010100100111011101011001110101010101010101000101010100010110110111010110001101011101001000000111100101000100001101000010101100000100111
1110101010001001001010100010100010101010111010111100101010010000110100001000100001010000110100110101100001010101010000000100001101100010001010111010001010101000101011101000101100101000111000011010110000001111001001010101001011101010100001100001101010011001
1110101010101011111010010101011001110011011010001001000001101000000100110110001110011111001011010000001110101101100100010110101110101101110010111010110110000110100101011000001000100001100101010010101111010110001011010101001011101000011010011111101010101111
1000101010101110111010100101001110011000010110011000000000101011001000001010011110100001010101111010100001010111001010000101011010110000010000101011000011001010100101010010100010010100101000100101010010001011110100101010101001111010101010000111110110000100
0010101010101010111010110100101111101010110011110110101010010111001010010001001010101100101101101010110000100110001010101000011110101011011000101100100101101010110100000110101011010010001010110101001100101010000110101010100110100100101001111001011011101111
1010101010101100011010101010111000101010101011001011001100001011101100001100101110001000010010101110000001011011100100100101101001110010010110111010101001001010101010100110101101111000001010101101001010101000000100001010010111010110010101011010100001101101
0011010100110000101000010110010100101011001101111010101011000010001010100100101110101111011010111010100110101010000001101010110110101100101101000010010010100101001001000011010000100100100111001010100000110001001110101010100000101010101011100010000000101101
1010101000100000001010100010100010001001011110101010101011111010001110101111001010010010110100101000101011010010101010001110101111010111001011100111001101101010100011100101100101101110100010101110100111101010011011010010100000101110101010011101010111101101
1011010100011010100101010001011110010010101110110001101000101011110010000010101010101001100010111010010010000011101000001000011110100100100101111010110001000110101001000100001100100100010010110010011001101010111010101010101000101010101011010100111010110101
1010001010101001000010101010101100101001010111110001010101010111100101010000111011001010101010110100001010001011101010101110001110000110010010111010000110001010100000011010001110100101010100101011010101010010101000000110101010101010101010111011110001101001
0101100010111001111010101011100110100010010100101110001101010101100010010001001010101011100010101010100110101011101010110000101110101000001111011001001101101001101000010110100010010100001011100001010010101010000101101000101000010001001000101110011111101111
0111101010100111111001011010100111010101000000001101010010101110010101000100101001010110110110010101010001011001111101000101000011011000110110111010101011010110101100101101011110100011010101010011110101010110101001010101011011101101010101101001101111111100
1110101001101110111010000101000010101010110101001010000010110101101001101010111110111000101010011010100101001000101010000100101000101010001010101010001010101010001001001001010000101000010101101010010000001101011010101010110000101110101011010111000001100110
0110101010100000110010101010001110101001011010110010100010001011001010001010100110101000001010111000110101011011000011010000001110101000010110111010100011001010101010000000100111001010100010001001100010101010111010101010101100101010101010101000001011110110
0000101010101000010001100110111000100101110001111000011001100111110011101111100010001110101001101000001000101111101010100100111111101011010101111100101001010010010000001101101111011110110010110010111010111011001111101011100100100100101011011011011010110011
0100100011100011001010101010001110101010101010110010100010101001101000010010101111001011011110100100101010100000110001011010001011010100100100101001010010000110100100101000001110101010010000100010101001000001101010010101010100001101010101110110100000110110
1001010000010111111101010100100100101001011010110110100100101010101010010010101100100001101011101001010010110001000101101010010100100000100001001010100100001001001010010001010110101010110001010000101010000001110110101010100011000000101011001110001101101001
0100101010101011111010101010101100000101010000001001010101010011100101000001001110100000100100111010101010101011001100101010101010010010100101110000001001010110110001000100111001010101010010111000010101011011011001010110100100101010101010011011110100010100
1010000101011010110111010101001010011000100010100010101010101011110010101010101111101010011010110010100100011010101011111010111110110101100110111010111001001010101000110110101110100001001010100010100010101011111010101010100100100010100000100110010010001000
1110101000111010000010101010101100100001001110110000000100100111000110101110011010010010111101111001101010100101000110101011010111001010101000001100101010001010100111100110000010001000000000111001101100010011001100100011101000101010101010110111001100110110
1111100010101110010110101010000001101100111010010010100000101011001000100010101100100011001010101011101000101100001110101010100100111010001011111010101000101100101010010010110010101010001011110010100000101010001011010110101000111001001010010101101100110010
1110101010101111111001010010100111010100000100111101010101011101111100010110001101101010011010101010101010101010001010101010101100101010101010010001101010100110100110000001011100010001010000111001000000011100011101000000000101001010101111010101111010100001
0110101000011110001000010101010100100001010101101011001010100110101001001010110110100010101011010011100000001000101010010100101100101010001010111010000010100100101101101000000110100000011111111010001100011011001010101011010110001010101010001000100010011010
1010101010101100011011111010100010010101001010111011010010101011101101000010000010110101011010111011000100001011101001010100100110100100110100111010110010000011101010000101011000101001010100100000100101010000010100110000100001101010101001110001101000101101
1110101010101011010101110010010111010101001001110111010111101010011000010110100111010000011000111110010001101010101010110110001101101011011001101110100101011011011010010000011111001001000101110000101100010110110110100000001010101110101011101010001000001011
0000111010101100001010101010100100101111101011000010110101011011001101010101001011110101000010111000100110000010000010000110001111001100100000111100110010000111101010110010011000101011100110100101011101010111010101010101011101010100110100000101111001010001
0001000110110101011101010101010010110010001110100010100010101011101010101010101010101000010110101011010100010110010101001001010010000100101101010001000010010100000110011111010100110100010101010011101011011100101110101010101001011010101010001011011011010010
0100101010000100001001101010101000111101101010111010110001101010101111100110101110101101011010111110100100101011011010100010101000001010110110110001101011010110101001101111011000100100111101111010101011001010010010001010100010101010101010010100100001000100
1001111101011101110101001101110000010100101110110001000010001010010100001010101111101100100010101011100010010111101011010101011110110101010101111011110011010111101010001000011100001100101000101010010010001011011010101010100010101010101011111100101010111100
1000111010000110001010101010100100101101010100101010100001000010101000000110101110101000011010110000000010001011000110101101001010010010100100111000001010010100100001010101001100110101100010111010010010100010101110101010101000101010101000101000110111011000
1110100110100110101010111010101001110001110100101101011000010111010101110011001111111011001010111010101100101011000010100010101110101000000011100010010101001111100001000011011100011101010111101001000001010011100000100010100001100000001010101011000110100001
0000100010001000111000100010000000000100010100110101010000010100010101001001001000101000110100100110100000000011001000100000001001100110101010111011011010101010100101101010111100110100001001011011110000101011101110000100001101001001010001101010000111110010
0000101010111111011000101010001100100000101011010001000001011000100100000000101010010010101000111001001010101000100100001010001000100010010000111010101001001010001010010010111010101000101011101010101001010111101010100101010101101010111011010000001111011011
1100101010100101100010101010100101110100001010101001000000101010001010001010100010100001101000111011010100010100000100001001011010111000110001101010110011010110001000101010011100110010100111111101001010100011010101001011100010101010101010010101110011010010
0000101010100010000111110011111001011111010011011101010001100010010101000101000010000101111001101010010010100010111000100000011111101011010110111100101101001010010010010010001010001001100100110100100101011001010010010100101000101100101011001111011101101011
0000111011010001111010101010100000101100101010001000100010101011000011101100111010001001010000111101010101010011010100010101001101010011100001111001001101010111000110010100010100010010101010111000001010101011101000101010101100010101000111101011110001000101
1011010101000111001011010010111010101010101100100110101010001011001010100000101100101011010010100010101100001011000101111010100010101000101010010010100010101001001001010101010110110101010101000010010001100100011110101010111001001010101000001110100010111000
0110101010101011101011000010101010101101011010111011111010101010001011111110101110101111011010110010101100101010011010100010101110000110010110110010001011011010111101101001101100110001111010100010011111101010110001100010101010101110101000000100001100101101
1100010111111101000101011011001010010010101010100010010110101110101000001010101010101100100010111010010010101111001001001010011110110001100101101011000110010010101111111101101110101001001010111010101100001000101010101010101101101010101001010001011110111111
1000001011110000001010101010100100100001001010011001000001001110100011101110011110000010100001111000101010110111100110101011010111011010100000111100101010001011101100101100001100000100011000111011000001001001001100000010101100101000101011010001010000101000
0111100010010010011010101001101010100110010100001100010000010110000100011001001010101011101010011010101110101001101010010000100100101101001001101000100101101110101000110000100010110101101011111000010010100000101001011010100010100001001000101111110111101101
0011101110001010111010111011000101001011010100101100101101010111111010010100010001001101011101110110110100101110111000010110101000100001011010101010000100100010101000010010101000110101001111001011010010100011101001001011100101001010100011100111100111010110
0110101010100100001010100001110100100100110101110010000110010101000100001001011110010000101101101001011100011101101000110010011100100001011010101011001100100000001001010010011010010011001000101001010111000110001010100010000001101001101010110001110100000111
1100101010100001110010000101101100111010100010110111101000101011101010001001001110000000110101101010110001010100101101000101011111110101010101101001000001000011101010000000001100010000101000101001011010100010010100011010000101111010101011000010111011000100
0000101010101100111010001010100001101010101010110010111010101010101010100101101110101001000100101010100000010010001010101101011010101010000010101100000100000010010101010010100111010010101010100100101010101010101010101010100010110100101001110001100100010001
1010101000100100111010101010111110100010101010001010010101011010001101010101001111100100000000110010011010001001010101100010101010010111011000111010001100101110101000111001011100100011010101101101010101010110110101010101011101010101010100100000100001011101
1111100101010001111011000100011000101010101110111010101010111010101010010001101010001001010011101001010110010110100100001110110100010101101101011001000111000001001100010100100100100001001011000010000110001001100010101010100111011010101001100110001111010001
1010101010001101111010100010101100110100000000101111000010010010000100000101011010101010010100110010101000100011111000010010111111010101101001100100010010100111100101001001001010010100010010101001010001001010011101101110101010101010101001001101110010100010
1010000011011110010000000100001100000010101010110010101011001010111000001101101110000100010100111000100101000011100000010100011010010001010101101001000100010111100110000010001010101001001000111010100100101011111010101010101110001010101000111011000111110111
0110101010101101001010101010100100101010100010111000101011001010101000100100111010100000110110110010111011011011101101101101101110110010110010001011011001001110001001001000001100001000000100111010100001100000101000100101111010101010101011100010101011000000
0011100010101000011010101010100110100000101010111110010100010111100000010010100011110001101010110010100110101011001010101000101110101010100111110010101001111111101010100010110000101010011011101010101000101000001110100000101010101001001010100010011011010000
0010100010010100001010101010101000111010101010000100101010010011110101001011011001010101100101110100010101010111010001010100011101000010000010101010001010101010101010101010111100101010001101010010001011100110001010001101000000101010110110010010100110101011
1010101010100011111001000101011000101001010101001011010010100100101101001010111010010010101010011011001000001000001010010000101110101000101010100010001010101000001000010000011010101011000001101010101000010111101010101011010100001010101011001001000010110001
0100101010101010000010101101000100110000010111111001000010100011101000001010001110100001000101101010100011010111100000000101011111100001010100101011000001001010100101000010100111010100101000011101001010100011010100001010101010101010101000100101011010101000
0100101010100100000000000100101110000000000001100001000000100010100001101010100111010010101010110101101010101011100000000000001110100010110001110110101011010011011010101100001111000000110100110101010011011011010100000101001100110010101000111010011010010000
0100101010000001001010101010100010101010101010011011110000101010100001000110011011011010011110011110001010011011010111001000001011010000100110111001000011011010101100101100111100101010010011111010101000000001101010010000011100110101010100000101011000111011
1011000001000011101100000101110000100000001000101110000010001010111010000010101100100000101010111011001010100111000000001000010010100110100100000001011001010101000101100100010100011010101010010010101010101001111010101010100000011110101001110110100010011111
1010101010101101111001101010101010010101010010101010110100101011000101001001101010110100110100111001010001010011001110101011101011010110010101100000001001011111100100110100011001010011101010111010010101111001010001011101111000101010101000000010110010100101
1011011010101010000111011011010110010100100100111001011010001110100110101010101110010011101010101011001010101111100100100010111110111001011101101011010101110110101001101001001110101001010010110010100101001010001010101010101110000010101000100000101011011100
1000101000011111011010101010100110101010111110111010101001100011001010101110101010101100100110100010011011001011001101101100101011110010110010100011001001101010101000000010101010100101101010111010100110101001101001011010111000101010101001001100100100100111
0111100010110101011110101011100001101000010000010010101110111011010100101000101111011010100010111010101000001011000010111010101100011011101001110011010110101101101010001010110100110100101011101000000010101010100001001010100101100001101001100100001110011101
0000101010010111101001011010101010010101001001100101010000101110010101000101010101010110110101000101011001010110110101001101011001010100100100101110100010010110101010100101011010111011010101000011110101010110001001010101000000101001010001010111110111011001
0101101000101001001010101001011000101010101001110010101000010011001010000001010000101100001000010010011010100100101110101010111100101000001000101010010010001010101001101010100000110110101010001010010010101000101001010010010111100101001100111011010101011011
0110101010101011001010101010101010100100101110100110100110111011001010101010101000101010101010101010000000101011000100010001011110011001110000111010100110001100101010011000110110101100101101110010110010010110011001001010100000101010101010110111100011110001
0110101010100000010101110111100011010101101001111101000100100011010100010010000010100001101001101010000010101110001000110110111110101011010000101100101101000110110010110100000111001011010000100100001001010011011000101011001100101110101011000111001111101011
0000101010110100011010101010100000101010101010111011100000001010001110010100101110110100010100111101001001000011100000100100001110010110010001100001001010010110101100100110000010111010010101111101011010101000010101001000010001010101010100000000111000011111
0011001101000110001001010100110110101010111010110110000001101010101010100010111110101010101011011010001010000110110101101000000010110110100111001010010101000101000000011001010100001000011001010010101010101100001010101010101110111010101011010001101010111010
1000101010100001011010011010100110010100001010101001010110100010100100101001001010011000010110101000100101001011111110110010101011010011000100110111001101010110100100100100101101001010000001101010110100101011111100100110101110101110101011110101110010000111
0000111101011110010101010010111000010100101010101001000000101010000000000010101010101000001000110010100010100110001101001001010110110100010101101011010001010110101100101100011100010100101010110010101001001000001010101010100000101010101011101010000011100010
1000101010100111001010101010101110101011001000110010100101001010101001000100001110010010010101101000001011010011010000101001011110001010010000101000110100101010101001010010000100000100101010100001010010001010010001010110101000101000101010000000010010010100
0101101110100000111010100010100001101100110100101010101010100010111010101000001101101010010010101010101000001010101110111010100100011111101011110010101110101101101000001010110110100010101011111001011110101110000100111000101011101001101110101101101000000000
0010101011000100011010101010100100111010101010101101001010100110111010101011001001010000100101110101010101010110010000000100001101000010000010111010001010101000101000101010101100100010101010000010010000101010011011010101001101101000010010100011100110111100
1001101000111011101000101001110110100010010000011011100000010100000000001000011000011010101010011001000010101001100010101101101011101010010010110010100100101110101011001010100110101000100001001010110001010111101010101101110011101010111001011101001010000011
1110101010101101000011101000000000110100100010101011011011101010001101011010101110110011011010111010000111001011000101000101011110100101000101111010111001000010101010101001011000000010010100111100001101000100110000101010101100101010101011010011010010011101
0100101010101000000100111101100011110011010101111011000001010111111111001101010010010101110101111001010001010110000101100101000011110010010101111101011000010101010101101000001001010111100110100101010110101011110101011110100010110100101010000000001110111000
1101001100011011011110101010101000101000000010011110000000101011001010000000101000100100010010101010110001101010001010100110100110101010011010110010101100101010101010001010101101010000101010101101000010101000100100001010100000010111101000110011001010010111
0111000100110110011101011001110110100001101001100110000110000011001010011010101000100001101011110010000010101111000010101000000010100010110101001001011101010101000000010100010110000010100101011001101010101101101010101010101000001110101000000110110111000110
0100101010001111101010101000100100101010010110110010001010010010101010111001001010111010100100111010101011010011101010110010100011010001101011110111111100101011100000100110101001001001111010001101000010101010011000001010100000101010101000010001101000000010
1110000001011000000100000101100010011000001100101000100010110111000010001010001010101010110110101010100101011010101101010101111100010001010101111001110110000110101010001010001010100100011010101010010001001001101010101010100001101010101010110110011010101010
0110101000011110011010101011101110101000010010111001000101001010000000001000101110010010100010101000001011001011000010101010011111000010100000111000001010100010101101100110001100100001000000101010010000001010101011010100101110101010101011001101000000001100
1110100010111111011010100000100101100100100010011010001011001111000001000110101110100010001010111010101000101001001010110010101110111011000010101000101100001010101010110000001000101010100010111010111000101010001111100001101010101001001011010001001010001001
0011101010111110001001011010001101010100100100100101011000101101110101100100000001010000010100000101000001010110110100001001010001010010101100101100000010110110101101001001011010110010000100101010001001010111001100110101000001101001010110111111010110000000
0000101010101000111000110101010110100000110101100000000011010100100000101001010110010010110100001000001101010101101010010010101010100001011010110010000101101000100000010110111110000101001010110001000000100110001110111001001110101000101010011100111011000011
0110101010101000111000101100100000110000010110101001000010001011101010000000011010101001100101111010100100010100101001001101011111100100110000101011000001001010101100101010001010010100101000100101010010000011000101001010100110111010101010001010000011110110
1110101010111101000100100100010010010000001001101101000000000010000100001000100011100010101001111101000010101011000100001000101010100000101001110010101010011110011010101100101011101000010010111101010001001011010101000000101100010100101000010011101110010011
1110001000111110101010101010101100101010101011111010101010101000110010010010001111000001011010110110001110101010110101011000000011010100100100111001000010001000101000101001101000101010000000100010101000001001001010110100000000011101010101001011001000100010
0001000000110010111010101010011110101010010101101110101001010111001010000101001100110100101101111001010010110111100101001010010110010001101011001011100101001101001000010100010110100001000101011010010000000000001010101010101101001010101011001001001101100111
1000101110101101111010100110100100101000010010100110101011001010101011001100101010101000110010111010101001101011001010000010101110111000001010100011010000101010111010100100100100010010011000110011000000101000111000001010100010101110101011110010100010110011
0010010101111110110011110001100010111010001010000010101000101011111010100010101010101010101010111010101011001111101010010000100010101001000110101010110011001010101010000010101010101001101010111010000010101001101010101010101101001010101011101101011010110001
1100101000100001101010101010101010101111010101001010100101010010000010100110001110001000000010101000101010001010000100100100001010011010010100101000010101010110100101011101001100000101010100101011001111101001101010000000101110101010001001101100011000100001
0001101110000010111010101011101001110000000100101101010010101111110101000110101101000010010010101010101100001011100010010010101000001001001101111010110100111101101010101001111000110010101011110010100100110010001000000100101110100011001110101110001010110000
0110101011110101011001101011000011000011010101110000101001010110010010011110010001001101010001000110010101101111111010010110101101101001011010111011000110101010101101010010000000100101000001001011010000000010011011000010001100100010101010111001001110101110
1000100100100111101001000001011000110100010000010000110000100000000010001011010000110100101101001001011000110101100101100101011110110100100100111011010010010100100001001001011100101001010101011011010001010000001110000101001010101011111010101001111000001110
1010101010101010010010101010001110100000100010111010000010101011101000010010001010000001000010101001010110011001001101001100001110110000010101111010010001010110101010101010101110001010100101101000100001010011000110010100111010101011101010101010011011001001
0100101010100010100110000100010101001000001110100011100101011010001011000000010000010000101011111011011010101010101000001110101100101010101101101110101010011010010010100101101011001010110010011101010111001001000101010010100110100110101010011010111010011011
0100100011000100001010101100101000101010101011010010100100101010100010000110001011000000011110101001100001110000100110000011000111011000101100101001001010110010100100101000001110101010000100111010100010000101001001001101011100001111010100111011111000101110
1111010001000001111100010001111110100000000001010110000010101011101010000010101000100000101010010001000010101011010000101000010000100110110100011001011001010101000100000101010100001010101001010001101010101001001000101010101010010010101010110100010111111000
0010101010101000011010110111100010010001010000111010100100010010100000010010001010101000101000101010010010101011011001010100101110100101010100110000001001000011100010110010111001010001000100111100000101001011010110111001100110101010101000000010001111101000
0011010101011010010101010101011100010100110100000001001000010010010101001011101010110000110110101010100010101011001010001000011010101000100100101010000001010111101001010101011110110101011100111011010100101010101010101010101001101010101000100101100001101101
1000111010111100101010101010101000111000011010100001000000100010000011000000001010100110110000111000011010010010000100101001011110010010100100111011001011010010100101000100101010000000010010101001100010000010011110100100101010001010101011111101000110101110
0111101110111000010010101010101000100101101010011110000100101001101001010010101000111001101010000111101010101010001110101000101010111010000011111001101001101101101010110010111100101010001011110010101101101011001010110000100011010001001001000000111000110100
0100100010000010111011101011000110101010110101110000101001010100010010110110001011001001010101110110001100100111010000010110101001110000001010011100010110100010100101011010011000010100101010011011011011111111001000000101101111100010110000110110100010011011
1010101010100011011001010101010010101000100101011010100000110111101010111000010010100010101001010010101000101101101010011010101100100100101010110010010010101101001101101000010100110111000111101010011000001010001010000001011110101010001010111000101111010001
1100101010100111010010001010101000111010101010101010100010100011001000000110101010010101011110101001010011110010100101010001101110010000010101111011110101010111101000000001011000101010100010011010101010100110110110100000100000101010101001101101001110110000
0100101010101111101111001110111110100110110111100001010110010011000101011001011010100100100101101000001011110111000110100101011111101011010001101101100100100111010101101001001011010110110110110101010010001011010101011011100010100110101010111001010110100001
1100101001101000111010101011111100101010101011001010101000101001110011010010101111000000011010101001100001101000110011000110000011010000001100101000101010110010101000101011111110101010101010111010100010000011111001100000011110011111010101101000111000110101
1111010101000100111001010000011100101010110100111010101010001011001010110000101010101001001010100010000010001011000111001011100010101010101010001010100010101001001011010001010000010001010101010010100001010001101110101010101001111010101010010110001110000110
0000101010101100111010011110101000100100000010110011010001010010100000100101001010001010010100111010100100010010101010110010100011111000101001100101010110000110100101001000001101010100100010111010010001110011100001010101101110101010101011000000010111000111
1100001101011010101100010000100000010010101010110010101010101010111010001010101111101010010010100010110001011010001011110001101010100110100110111010001011111010101010100010101110101101101010111011011010101000001010101010100011101010100010110001100000011001
0000000000000000000000000000000000000000000000000000000000000000000000000000000000000000000000000000000000000000000000000000000000000000000000000000000000000000000000000000000000000000000000000000000000000000000000000000000000000000000000000000000000000000
0000000000000000000000000000000000000000000000000000000000000000000000000000000000000000000000000000000000000000000000000000000000000000000000000000000000000000000000000000000000000000000000000000000000000000000000000000000000000000000000000000000000000000
0000000000000000000000000000000000000000000000000000000000000000000000000000000000000000000000000000000000000000000000000000000000000000000000000000000000000000000000000000000000000000000000000000000000000000000000000000000000000000000000000000000000000000
0000000000000000000000000000000000000000000000000000000000000000000000000000000000000000000000000000000000000000000000000000000000000000000000000000000000000000000000000000000000000000000000000000000000000000000000000000000000000000000000000000000000000000
0000000000000000000000000000000000000000000000000000000000000000000000000000000000000000000000000000000000000000000000000000000000000000000000000000000000000000000000000000000000000000000000000000000000000000000000000000000000000000000000000000000000000000
0000000000000000000000000000000000000000000000000000000000000000000000000000000000000000000000000000000000000000000000000000000000000000000000000000000000000000000000000000000000000000000000000000000000000000000000000000000000000000000000000000000000000000
