101001000011000100001010101011101110011101010000011010100011100010010010001110101010111110110100101010111110100010011010100011101010101010100101100100100110101000101010011011101010111110101010011101111100000110001111100110010101110010101000000101100001100100000000000000000000000111111111000000011111111100000000000000000000000000000000
101010101010100100110101100011111011100011010110010101000110001010100101010011010001011110100101010110100001010110000010010101010011010101010010001100111101101001010100110011010101110110010001010010000100100101011011011100010010010000001011010011110101000100000000000000000000000111111111000000011111111100000000000000000000000000000001
110010101010000010110010100100001000100101101011011010101010000001110110100101001010100100000001011010010110101011111010010101010001111110100001001011001001010101011010110100101000000101010011100111111001010010000110101011001100110010010000110101000000001100000000000000000000000111111111000000011111111100000000000000000000000000000010
110010010101010110100100100101110010000010001010000100000111001000010000101000010101011101110000000010101000010111110011000001101001000100111001011111010010100101110000000111100101001011010111011100101010010100101000110100001001001000011101000111011110110000000000000000000000000111111111000000011111111100000000000000000000000000000011
101010101010101010100101100110101011111010101001011010111101001011100011010001000101100001101001010101110100011100111110101100010101010101001101110010001101010100010101101011011000110101010001011101001000111001011011010100100000110111111010110001110001100100000000000000000000000111111111000000011111111100000000000000000000000000000100
001111010100101000011101111010010101010010101010110010101100011101010000011110001011101101010101010010000100101011101101010101011110001011100100000101010101011111001110101110111101010101110101010111100001010101010000010101001011100111110100110001010000011000000000000000000000000111111111000000011111111100000000000000000000000000000101
101101000100111010111101001010100100001001001001010001101001001011011001110101001010100001010101100011010110101001101101010011101011010010101101100000101000111100100011101011001000001111010010001000011111101010111110001010111011011100010011001111010110101000000000000000000000000111111111000000011111111100000000000000000000000000000110
100010101110100010100101010101000000111010101011010111011010001001000001000001010101010101001001010101000101010101011010010101000011110100011000111111010001010101010100001110010101010001010111001101111010110110011100010100100101110011000100000101000000011000000000000000000000000111111111000000011111111100000000000000000000000000000111
000000000000000000000000000000000000000000000000000000000000000000000000000000000000000000000000000000000000000000000000000000000000000000000000000000000000000000000000000000000000000000000000000000000000000000000000000000000000000000000000000000000000000000000000000000000000000000000000000000000000000000000000000000010000000000000000
000000000000000000000000000000000000000000000000000000000000000000000000000000000000000000000000000000000000000000000000000000000000000000000000000000000000000000000000000000000000000000000000000000000000000000000000000000000000000000000000000000000000000000000000000000000000000000000000000000000000000000000000000000010000000000000000
000000000000000000000000000000000000000000000000000000000000000000000000000000000000000000000000000000000000000000000000000000000000000000000000000000000000000000000000000000000000000000000000000000000000000000000000000000000000000000000000000000000000000000000000000000000000000000000000000000000000000000000000000000010000000000000000
000000000000000000000000000000000000000000000000000000000000000000000000000000000000000000000000000000000000000000000000000000000000000000000000000000000000000000000000000000000000000000000000000000000000000000000000000000000000000000000000000000000000000000000000000000000000000000000000000000000000000000000000000000010000000000000000
000000000000000000000000000000000000000000000000000000000000000000000000000000000000000000000000000000000000000000000000000000000000000000000000000000000000000000000000000000000000000000000000000000000000000000000000000000000000000000000000000000000000000000000000000000000000000000000000000000000000000000000000000000010000000000000000
000000000000000000000000000000000000000000000000000000000000000000000000000000000000000000000000000000000000000000000000000000000000000000000000000000000000000000000000000000000000000000000000000000000000000000000000000000000000000000000000000000000000000000000000000000000000000000000000000000000000000000000000000000010000000000000000
000000000000000000000000000000000000000000000000000000000000000000000000000000000000000000000000000000000000000000000000000000000000000000000000000000000000000000000000000000000000000000000000000000000000000000000000000000000000000000000000000000000000000000000000000000000000000000000000000000000000000000000000000000010000000000000000
000000000000000000000000000000000000000000000000000000000000000000000000000000000000000000000000000000000000000000000000000000000000000000000000000000000000000000000000000000000000000000000000000000000000000000000000000000000000000000000000000000000000000000000000000000000000000000000000000000000000000000000000000000010000000000000000
000000000000000000000000000000000000000000000000000000000000000000000000000000000000000000000000000000000000000000000000000000000000000000000000000000000000000000000000000000000000000000000000000000000000000000000000000000000000000000000000000000000000000000000000000000000000000000000000000000000000000000000000000000010000000000000000
000000000000000000000000000000000000000000000000000000000000000000000000000000000000000000000000000000000000000000000000000000000000000000000000000000000000000000000000000000000000000000000000000000000000000000000000000000000000000000000000000000000000000000000000000000000000000000000000000000000000000000000000000000010000000000000000
000000000000000000000000000000000000000000000000000000000000000000000000000000000000000000000000000000000000000000000000000000000000000000000000000000000000000000000000000000000000000000000000000000000000000000000000000000000000000000000000000000000000000000000000000000000000000000000000000000000000000000000000000000010000000000000000
000000000000000000000000000000000000000000000000000000000000000000000000000000000000000000000000000000000000000000000000000000000000000000000000000000000000000000000000000000000000000000000000000000000000000000000000000000000000000000000000000000000000000000000000000000000000000000000000000000000000000000000000000000010000000000000000
000000000000000000000000000000000000000000000000000000000000000000000000000000000000000000000000000000000000000000000000000000000000000000000000000000000000000000000000000000000000000000000000000000000000000000000000000000000000000000000000000000000000000000000000000000000000000000000000000000000000000000000000000000010000000000000000
000000000000000000000000000000000000000000000000000000000000000000000000000000000000000000000000000000000000000000000000000000000000000000000000000000000000000000000000000000000000000000000000000000000000000000000000000000000000000000000000000000000000000000000000000000000000000000000000000000000000000000000000000000010000000000000000
000000000000000000000000000000000000000000000000000000000000000000000000000000000000000000000000000000000000000000000000000000000000000000000000000000000000000000000000000000000000000000000000000000000000000000000000000000000000000000000000000000000000000000000000000000000000000000000000000000000000000000000000000000010000000000000000
000000000000000000000000000000000000000000000000000000000000000000000000000000000000000000000000000000000000000000000000000000000000000000000000000000000000000000000000000000000000000000000000000000000000000000000000000000000000000000000000000000000000000000000000000000000000000000000000000000000000000000000000000000010000000000000000
000000000000000000000000000000000000000000000000000000000000000000000000000000000000000000000000000000000000000000000000000000000000000000000000000000000000000000000000000000000000000000000000000000000000000000000000000000000000000000000000000000000000000000000000000000000000000000000000000000000000000000000000000000010000000000000000
000000000000000000000000000000000000000000000000000000000000000000000000000000000000000000000000000000000000000000000000000000000000000000000000000000000000000000000000000000000000000000000000000000000000000000000000000000000000000000000000000000000000000000000000000000000000000000000000000000000000000000000000000000010000000000000000
000000000000000000000000000000000000000000000000000000000000000000000000000000000000000000000000000000000000000000000000000000000000000000000000000000000000000000000000000000000000000000000000000000000000000000000000000000000000000000000000000000000000000000000000000000000000000000000000000000000000000000000000000000010000000000000000
000000000000000000000000000000000000000000000000000000000000000000000000000000000000000000000000000000000000000000000000000000000000000000000000000000000000000000000000000000000000000000000000000000000000000000000000000000000000000000000000000000000000000000000000000000000000000000000000000000000000000000000000000000010000000000000000
000000000000000000000000000000000000000000000000000000000000000000000000000000000000000000000000000000000000000000000000000000000000000000000000000000000000000000000000000000000000000000000000000000000000000000000000000000000000000000000000000000000000000000000000000000000000000000000000000000000000000000000000000000010000000000000000
000000000000000000000000000000000000000000000000000000000000000000000000000000000000000000000000000000000000000000000000000000000000000000000000000000000000000000000000000000000000000000000000000000000000000000000000000000000000000000000000000000000000000000000000000000000000000000000000000000000000000000000000000000010000000000000000
000000000000000000000000000000000000000000000000000000000000000000000000000000000000000000000000000000000000000000000000000000000000000000000000000000000000000000000000000000000000000000000000000000000000000000000000000000000000000000000000000000000000000000000000000000000000000000000000000000000000000000000000000000010000000000000000
000000000000000000000000000000000000000000000000000000000000000000000000000000000000000000000000000000000000000000000000000000000000000000000000000000000000000000000000000000000000000000000000000000000000000000000000000000000000000000000000000000000000000000000000000000000000000000000000000000000000000000000000000000010000000000000000
101000110000111000110100011010101011001100001000110111101010101101111100101101000010101010010010001010101100000010001111011101101010100011001000010010111010101010000101000001010010101000101001110000000100000001000001111001010101010100001101010101010101010100000000000000000000000111111111000000011111111100000000000000000000000001000000
101010110100010000101011000010000111010000100010000101001010000101101110100001010100100010010100011010010101010011001101010100101001010101001111110101000010101101010110000001010101111010001010000010110101010100111010101111101110010100011000100110001000010100000000000000000000000111111111000000011111111100000000000000000000000001000001
101101011101010000010101010000010000010101011101100101100110100011101100101010100101101010101101001010110111011010101000010111101101010101101000111101001010010101010010100111010000110101010110101000110101011011000100001010001100010100001110110011100011100000000000000000000000000111111111000000011111111100000000000000000000000001000010
010000100011001000010100101100010000011110101010111011010101010010100010101010100101010101011100011110101001010101000110111101011010110101010000100011001101101011010101000101010100100100101000001101010101011100010000101000000101010000011111011010100000010100000000000000000000000111111111000000011111111100000000000000000000000001000011
101000100100001010000011010010101001100110100001100100001010110111000010010101010101101101010000100101001101010000010101010001010000000101001001010100110110010010000010110101001010110010001010111101010100100010000000111000010101101010010111001110010101101000000000000000000000000111111111000000011111111100000000000000000000000001000100
101010100101110000000010111010101011010010001001100000101010100101100100101001000110100101011111010011100101010101010101010001010001100101010000010100110101000000000101000001011101010110011000101010100110000101100100001010101010101100001101000000001011101000000000000000000000000111111111000000011111111100000000000000000000000001000101
000101110101110110010010011101101010100001010000001011001010101010101000110011110110101010101000001000000011001010101010101011101000010100101010100001110010111001000010100101010011101011110001011001010001011110101100101011000111110111001000110110010000101000000000000000000000000111111111000000011111111100000000000000000000000001000110
110110100010010101100100001010101011010100010110100001100010101101101000111000101010100100010110111010101000110101000100010111011101101101010100101101010101011000010101011010000101010101011101010111101110000100010001000101101001011100010110101011011010101000000000000000000000000111111111000000011111111100000000000000000000000001000111
000000000000000000000000000000000000000000000000000000000000000000000000000000000000000000000000000000000000000000000000000000000000000000000000000000000000000000000000000000000000000000000000000000000000000000000000000000000000000000000000000000000000000000000000000000000000000000000000000000000000000000000000000000010000000000000000
000000000000000000000000000000000000000000000000000000000000000000000000000000000000000000000000000000000000000000000000000000000000000000000000000000000000000000000000000000000000000000000000000000000000000000000000000000000000000000000000000000000000000000000000000000000000000000000000000000000000000000000000000000010000000000000000
000000000000000000000000000000000000000000000000000000000000000000000000000000000000000000000000000000000000000000000000000000000000000000000000000000000000000000000000000000000000000000000000000000000000000000000000000000000000000000000000000000000000000000000000000000000000000000000000000000000000000000000000000000010000000000000000
000000000000000000000000000000000000000000000000000000000000000000000000000000000000000000000000000000000000000000000000000000000000000000000000000000000000000000000000000000000000000000000000000000000000000000000000000000000000000000000000000000000000000000000000000000000000000000000000000000000000000000000000000000010000000000000000
000000000000000000000000000000000000000000000000000000000000000000000000000000000000000000000000000000000000000000000000000000000000000000000000000000000000000000000000000000000000000000000000000000000000000000000000000000000000000000000000000000000000000000000000000000000000000000000000000000000000000000000000000000010000000000000000
000000000000000000000000000000000000000000000000000000000000000000000000000000000000000000000000000000000000000000000000000000000000000000000000000000000000000000000000000000000000000000000000000000000000000000000000000000000000000000000000000000000000000000000000000000000000000000000000000000000000000000000000000000010000000000000000
000000000000000000000000000000000000000000000000000000000000000000000000000000000000000000000000000000000000000000000000000000000000000000000000000000000000000000000000000000000000000000000000000000000000000000000000000000000000000000000000000000000000000000000000000000000000000000000000000000000000000000000000000000010000000000000000
000000000000000000000000000000000000000000000000000000000000000000000000000000000000000000000000000000000000000000000000000000000000000000000000000000000000000000000000000000000000000000000000000000000000000000000000000000000000000000000000000000000000000000000000000000000000000000000000000000000000000000000000000000010000000000000000
000000000000000000000000000000000000000000000000000000000000000000000000000000000000000000000000000000000000000000000000000000000000000000000000000000000000000000000000000000000000000000000000000000000000000000000000000000000000000000000000000000000000000000000000000000000000000000000000000000000000000000000000000000010000000000000000
000000000000000000000000000000000000000000000000000000000000000000000000000000000000000000000000000000000000000000000000000000000000000000000000000000000000000000000000000000000000000000000000000000000000000000000000000000000000000000000000000000000000000000000000000000000000000000000000000000000000000000000000000000010000000000000000
000000000000000000000000000000000000000000000000000000000000000000000000000000000000000000000000000000000000000000000000000000000000000000000000000000000000000000000000000000000000000000000000000000000000000000000000000000000000000000000000000000000000000000000000000000000000000000000000000000000000000000000000000000010000000000000000
000000000000000000000000000000000000000000000000000000000000000000000000000000000000000000000000000000000000000000000000000000000000000000000000000000000000000000000000000000000000000000000000000000000000000000000000000000000000000000000000000000000000000000000000000000000000000000000000000000000000000000000000000000010000000000000000
000000000000000000000000000000000000000000000000000000000000000000000000000000000000000000000000000000000000000000000000000000000000000000000000000000000000000000000000000000000000000000000000000000000000000000000000000000000000000000000000000000000000000000000000000000000000000000000000000000000000000000000000000000010000000000000000
000000000000000000000000000000000000000000000000000000000000000000000000000000000000000000000000000000000000000000000000000000000000000000000000000000000000000000000000000000000000000000000000000000000000000000000000000000000000000000000000000000000000000000000000000000000000000000000000000000000000000000000000000000010000000000000000
000000000000000000000000000000000000000000000000000000000000000000000000000000000000000000000000000000000000000000000000000000000000000000000000000000000000000000000000000000000000000000000000000000000000000000000000000000000000000000000000000000000000000000000000000000000000000000000000000000000000000000000000000000010000000000000000
000000000000000000000000000000000000000000000000000000000000000000000000000000000000000000000000000000000000000000000000000000000000000000000000000000000000000000000000000000000000000000000000000000000000000000000000000000000000000000000000000000000000000000000000000000000000000000000000000000000000000000000000000000010000000000000000
000000000000000000000000000000000000000000000000000000000000000000000000000000000000000000000000000000000000000000000000000000000000000000000000000000000000000000000000000000000000000000000000000000000000000000000000000000000000000000000000000000000000000000000000000000000000000000000000000000000000000000000000000000010000000000000000
000000000000000000000000000000000000000000000000000000000000000000000000000000000000000000000000000000000000000000000000000000000000000000000000000000000000000000000000000000000000000000000000000000000000000000000000000000000000000000000000000000000000000000000000000000000000000000000000000000000000000000000000000000010000000000000000
000000000000000000000000000000000000000000000000000000000000000000000000000000000000000000000000000000000000000000000000000000000000000000000000000000000000000000000000000000000000000000000000000000000000000000000000000000000000000000000000000000000000000000000000000000000000000000000000000000000000000000000000000000010000000000000000
000000000000000000000000000000000000000000000000000000000000000000000000000000000000000000000000000000000000000000000000000000000000000000000000000000000000000000000000000000000000000000000000000000000000000000000000000000000000000000000000000000000000000000000000000000000000000000000000000000000000000000000000000000010000000000000000
000000000000000000000000000000000000000000000000000000000000000000000000000000000000000000000000000000000000000000000000000000000000000000000000000000000000000000000000000000000000000000000000000000000000000000000000000000000000000000000000000000000000000000000000000000000000000000000000000000000000000000000000000000010000000000000000
000000000000000000000000000000000000000000000000000000000000000000000000000000000000000000000000000000000000000000000000000000000000000000000000000000000000000000000000000000000000000000000000000000000000000000000000000000000000000000000000000000000000000000000000000000000000000000000000000000000000000000000000000000010000000000000000
000000000000000000000000000000000000000000000000000000000000000000000000000000000000000000000000000000000000000000000000000000000000000000000000000000000000000000000000000000000000000000000000000000000000000000000000000000000000000000000000000000000000000000000000000000000000000000000000000000000000000000000000000000010000000000000000
000000000000000000000000000000000000000000000000000000000000000000000000000000000000000000000000000000000000000000000000000000000000000000000000000000000000000000000000000000000000000000000000000000000000000000000000000000000000000000000000000000000000000000000000000000000000000000000000000000000000000000000000000000010000000000000000
010101011010100010011001010101010101101011100101010000010111010010111101001001010101010101001010110110000000101010001100101000010100101010101000101010101001010100101011100110101011010101010110101100101010111101010101010101000010101011111101010101010110101000000000000000000000000111111111000000011111111100000000000000000000000001001000
010100101001010000101101011001101111111011010110010001100010010000100101010101010010100101010011111101010101101001010101010010110101011010110101010000100101010101011001010101001011110101011110100101010110110001110100010100001011101000000111010100001110101100000000000000000000000111111111000000011111111100000000000000000000000001001001
100101011101100101010101100001000100100001010101001000100100011011110011010011101011010110101101100101010110101110101010010110010100010110111010101001011111010101001011001010101101100101000010101100001010101010100100101010010110011010000010111010101001011000000000000000000000000111111111000000011111111100000000000000000000000001001010
011010110100011100001001010101101010000110011010111101010110101001000111101110010101010010111101110101001110010100101001110111000101010101010010011000000000010001110101000010100100010100111001010110111111010110000000001011111010001010100101001001111110101000000000000000000000000111111111000000011111111100000000000000000000000001001011
010101000000010101010110100101010101110001010101000010100101010100000000101001111010110101000100101011110001101011010101011110101010010100101101010100100010110111010110110101010101011010110001011101010001011000010010010110011001010101111100100100101101010100000000000000000000000111111111000000011111111100000000000000000000000001001100
110001010101010101010010101011000001011101010101100000100101010111100011010010001011110101111100101001001011001011000101010010100000111100100101000011001011000010000010010100000101101110001111001011011010110100101010100000100110000011011110101001111010100100000000000000000000000111111111000000011111111100000000000000000000000001001101
000101011101000101010100011101010101110011010100000000110101010110001110111101011001010101100000101101100010100101010010101111010100101000011010101011001001010010100010101010101111100101110001101010100001001000010101010010101000000011011011010100101010101000000000000000000000000111111111000000011111111100000000000000000000000001001110
101010100110010101010100111101101010011101010101010110101100100110001001010101010010110100011100101001010101000101000100000000101101010111011111010100010010100001001110010101010011101010100000010111010101010000100010101100101101010100000010001000010000010100000000000000000000000111111111000000011111111100000000000000000000000001001111
000000000000000000000000000000000000000000000000000000000000000000000000000000000000000000000000000000000000000000000000000000000000000000000000000000000000000000000000000000000000000000000000000000000000000000000000000000000000000000000000000000000000000000000000000000000000000000000000000000000000000000000000000000010000000000000000
000000000000000000000000000000000000000000000000000000000000000000000000000000000000000000000000000000000000000000000000000000000000000000000000000000000000000000000000000000000000000000000000000000000000000000000000000000000000000000000000000000000000000000000000000000000000000000000000000000000000000000000000000000010000000000000000
000000000000000000000000000000000000000000000000000000000000000000000000000000000000000000000000000000000000000000000000000000000000000000000000000000000000000000000000000000000000000000000000000000000000000000000000000000000000000000000000000000000000000000000000000000000000000000000000000000000000000000000000000000010000000000000000
000000000000000000000000000000000000000000000000000000000000000000000000000000000000000000000000000000000000000000000000000000000000000000000000000000000000000000000000000000000000000000000000000000000000000000000000000000000000000000000000000000000000000000000000000000000000000000000000000000000000000000000000000000010000000000000000
000000000000000000000000000000000000000000000000000000000000000000000000000000000000000000000000000000000000000000000000000000000000000000000000000000000000000000000000000000000000000000000000000000000000000000000000000000000000000000000000000000000000000000000000000000000000000000000000000000000000000000000000000000010000000000000000
000000000000000000000000000000000000000000000000000000000000000000000000000000000000000000000000000000000000000000000000000000000000000000000000000000000000000000000000000000000000000000000000000000000000000000000000000000000000000000000000000000000000000000000000000000000000000000000000000000000000000000000000000000010000000000000000
000000000000000000000000000000000000000000000000000000000000000000000000000000000000000000000000000000000000000000000000000000000000000000000000000000000000000000000000000000000000000000000000000000000000000000000000000000000000000000000000000000000000000000000000000000000000000000000000000000000000000000000000000000010000000000000000
000000000000000000000000000000000000000000000000000000000000000000000000000000000000000000000000000000000000000000000000000000000000000000000000000000000000000000000000000000000000000000000000000000000000000000000000000000000000000000000000000000000000000000000000000000000000000000000000000000000000000000000000000000010000000000000000
000000000000000000000000000000000000000000000000000000000000000000000000000000000000000000000000000000000000000000000000000000000000000000000000000000000000000000000000000000000000000000000000000000000000000000000000000000000000000000000000000000000000000000000000000000000000000000000000000000000000000000000000000000010000000000000000
000000000000000000000000000000000000000000000000000000000000000000000000000000000000000000000000000000000000000000000000000000000000000000000000000000000000000000000000000000000000000000000000000000000000000000000000000000000000000000000000000000000000000000000000000000000000000000000000000000000000000000000000000000010000000000000000
000000000000000000000000000000000000000000000000000000000000000000000000000000000000000000000000000000000000000000000000000000000000000000000000000000000000000000000000000000000000000000000000000000000000000000000000000000000000000000000000000000000000000000000000000000000000000000000000000000000000000000000000000000010000000000000000
000000000000000000000000000000000000000000000000000000000000000000000000000000000000000000000000000000000000000000000000000000000000000000000000000000000000000000000000000000000000000000000000000000000000000000000000000000000000000000000000000000000000000000000000000000000000000000000000000000000000000000000000000000010000000000000000
000000000000000000000000000000000000000000000000000000000000000000000000000000000000000000000000000000000000000000000000000000000000000000000000000000000000000000000000000000000000000000000000000000000000000000000000000000000000000000000000000000000000000000000000000000000000000000000000000000000000000000000000000000010000000000000000
000000000000000000000000000000000000000000000000000000000000000000000000000000000000000000000000000000000000000000000000000000000000000000000000000000000000000000000000000000000000000000000000000000000000000000000000000000000000000000000000000000000000000000000000000000000000000000000000000000000000000000000000000000010000000000000000
000000000000000000000000000000000000000000000000000000000000000000000000000000000000000000000000000000000000000000000000000000000000000000000000000000000000000000000000000000000000000000000000000000000000000000000000000000000000000000000000000000000000000000000000000000000000000000000000000000000000000000000000000000010000000000000000
000000000000000000000000000000000000000000000000000000000000000000000000000000000000000000000000000000000000000000000000000000000000000000000000000000000000000000000000000000000000000000000000000000000000000000000000000000000000000000000000000000000000000000000000000000000000000000000000000000000000000000000000000000010000000000000000
000000000000000000000000000000000000000000000000000000000000000000000000000000000000000000000000000000000000000000000000000000000000000000000000000000000000000000000000000000000000000000000000000000000000000000000000000000000000000000000000000000000000000000000000000000000000000000000000000000000000000000000000000000010000000000000000
000000000000000000000000000000000000000000000000000000000000000000000000000000000000000000000000000000000000000000000000000000000000000000000000000000000000000000000000000000000000000000000000000000000000000000000000000000000000000000000000000000000000000000000000000000000000000000000000000000000000000000000000000000010000000000000000
000000000000000000000000000000000000000000000000000000000000000000000000000000000000000000000000000000000000000000000000000000000000000000000000000000000000000000000000000000000000000000000000000000000000000000000000000000000000000000000000000000000000000000000000000000000000000000000000000000000000000000000000000000010000000000000000
000000000000000000000000000000000000000000000000000000000000000000000000000000000000000000000000000000000000000000000000000000000000000000000000000000000000000000000000000000000000000000000000000000000000000000000000000000000000000000000000000000000000000000000000000000000000000000000000000000000000000000000000000000010000000000000000
000000000000000000000000000000000000000000000000000000000000000000000000000000000000000000000000000000000000000000000000000000000000000000000000000000000000000000000000000000000000000000000000000000000000000000000000000000000000000000000000000000000000000000000000000000000000000000000000000000000000000000000000000000010000000000000000
000000000000000000000000000000000000000000000000000000000000000000000000000000000000000000000000000000000000000000000000000000000000000000000000000000000000000000000000000000000000000000000000000000000000000000000000000000000000000000000000000000000000000000000000000000000000000000000000000000000000000000000000000000010000000000000000
000000000000000000000000000000000000000000000000000000000000000000000000000000000000000000000000000000000000000000000000000000000000000000000000000000000000000000000000000000000000000000000000000000000000000000000000000000000000000000000000000000000000000000000000000000000000000000000000000000000000000000000000000000010000000000000000
000000000000000000000000000000000000000000000000000000000000000000000000000000000000000000000000000000000000000000000000000000000000000000000000000000000000000000000000000000000000000000000000000000000000000000000000000000000000000000000000000000000000000000000000000000000000000000000000000000000000000000000000000000010000000000000000
001110101011001101011111110101001010101011001011111011010000011000100100101110100101010110101000010100101010010101011001101001010101101011010000101010100101010110101000001001001010010100010010110100010110101101010010000011010101001110001101010000101101010100000000000000000000000111111111000000011111111100000000000000000000000001010000
100010111010110010110100000000000010101111101011001011110110001001100110101010101101001000101111001010101010100000011110101001001010101010110100001010000110101010101011000100101111110100100010001100110010101011010101010110000000001010010101010101010100101100000000000000000000000111111111000000011111111100000000000000000000000001010001
010101010001101001000001011000010101100010110000000101100101010110011011010101010011000101001000001101010101001011010101000010100101010100101001010001011010100101010110111001010101101010101000011110110101011010101010100111010001010101010010101010100111100100000000000000000000000111111111000000011111111100000000000000000000000001010010
101001010010001001010111100101010101001000110101011011010101010101000011010101110101010101010010010101010101010101010101001011111100011101010100011010111011100000101010101011000010000110001011101010101110001101100010001111001000101010111000101001000110100000000000000000000000000111111111000000011111111100000000000000000000000001010011
100001011011111111000010100101010010110101100010101010010100101011011110010110101010101010101101100101011010000010101010110011010100010000101010101010100011010101010110101010101011001001010101101110101010101100100101100100000101010111101110101001110111010100000000000000000000000111111111000000011111111100000000000000000000000001010100
010101100011110101000101001001010101010001010100000010100001010101011101010000101010101001010101001001000000101001000101010110101100010010110100000101000110001101011101001001001100101001110100011111001100000110110101001111101001010011110000100010001011000000000000000000000000000111111111000000011111111100000000000000000000000001010101
100000010110110101010010001011101110110000110000000000100000111011100100100010101010100110101010101010101010101000110110101010111010101010100001100010101010100010000100101010001101100010010101010101011000100110111101010101010100111111100101010101010101110000000000000000000000000111111111000000011111111100000000000000000000000001010110
101001000010010100101101010010101101010101010110001101001010010101101101010101010010100101110100110100010101001011010100111011010101010010110101010011011001010101101101010111101001100100011010100101010110110000110000001110110101101001111010010100001010010100000000000000000000000111111111000000011111111100000000000000000000000001010111
000000000000000000000000000000000000000000000000000000000000000000000000000000000000000000000000000000000000000000000000000000000000000000000000000000000000000000000000000000000000000000000000000000000000000000000000000000000000000000000000000000000000000000000000000000000000000000000000000000000000000000000000000000010000000000000000
000000000000000000000000000000000000000000000000000000000000000000000000000000000000000000000000000000000000000000000000000000000000000000000000000000000000000000000000000000000000000000000000000000000000000000000000000000000000000000000000000000000000000000000000000000000000000000000000000000000000000000000000000000010000000000000000
000000000000000000000000000000000000000000000000000000000000000000000000000000000000000000000000000000000000000000000000000000000000000000000000000000000000000000000000000000000000000000000000000000000000000000000000000000000000000000000000000000000000000000000000000000000000000000000000000000000000000000000000000000010000000000000000
000000000000000000000000000000000000000000000000000000000000000000000000000000000000000000000000000000000000000000000000000000000000000000000000000000000000000000000000000000000000000000000000000000000000000000000000000000000000000000000000000000000000000000000000000000000000000000000000000000000000000000000000000000010000000000000000
000000000000000000000000000000000000000000000000000000000000000000000000000000000000000000000000000000000000000000000000000000000000000000000000000000000000000000000000000000000000000000000000000000000000000000000000000000000000000000000000000000000000000000000000000000000000000000000000000000000000000000000000000000010000000000000000
000000000000000000000000000000000000000000000000000000000000000000000000000000000000000000000000000000000000000000000000000000000000000000000000000000000000000000000000000000000000000000000000000000000000000000000000000000000000000000000000000000000000000000000000000000000000000000000000000000000000000000000000000000010000000000000000
000000000000000000000000000000000000000000000000000000000000000000000000000000000000000000000000000000000000000000000000000000000000000000000000000000000000000000000000000000000000000000000000000000000000000000000000000000000000000000000000000000000000000000000000000000000000000000000000000000000000000000000000000000010000000000000000
000000000000000000000000000000000000000000000000000000000000000000000000000000000000000000000000000000000000000000000000000000000000000000000000000000000000000000000000000000000000000000000000000000000000000000000000000000000000000000000000000000000000000000000000000000000000000000000000000000000000000000000000000000010000000000000000
000000000000000000000000000000000000000000000000000000000000000000000000000000000000000000000000000000000000000000000000000000000000000000000000000000000000000000000000000000000000000000000000000000000000000000000000000000000000000000000000000000000000000000000000000000000000000000000000000000000000000000000000000000010000000000000000
000000000000000000000000000000000000000000000000000000000000000000000000000000000000000000000000000000000000000000000000000000000000000000000000000000000000000000000000000000000000000000000000000000000000000000000000000000000000000000000000000000000000000000000000000000000000000000000000000000000000000000000000000000010000000000000000
000000000000000000000000000000000000000000000000000000000000000000000000000000000000000000000000000000000000000000000000000000000000000000000000000000000000000000000000000000000000000000000000000000000000000000000000000000000000000000000000000000000000000000000000000000000000000000000000000000000000000000000000000000010000000000000000
000000000000000000000000000000000000000000000000000000000000000000000000000000000000000000000000000000000000000000000000000000000000000000000000000000000000000000000000000000000000000000000000000000000000000000000000000000000000000000000000000000000000000000000000000000000000000000000000000000000000000000000000000000010000000000000000
000000000000000000000000000000000000000000000000000000000000000000000000000000000000000000000000000000000000000000000000000000000000000000000000000000000000000000000000000000000000000000000000000000000000000000000000000000000000000000000000000000000000000000000000000000000000000000000000000000000000000000000000000000010000000000000000
000000000000000000000000000000000000000000000000000000000000000000000000000000000000000000000000000000000000000000000000000000000000000000000000000000000000000000000000000000000000000000000000000000000000000000000000000000000000000000000000000000000000000000000000000000000000000000000000000000000000000000000000000000010000000000000000
000000000000000000000000000000000000000000000000000000000000000000000000000000000000000000000000000000000000000000000000000000000000000000000000000000000000000000000000000000000000000000000000000000000000000000000000000000000000000000000000000000000000000000000000000000000000000000000000000000000000000000000000000000010000000000000000
000000000000000000000000000000000000000000000000000000000000000000000000000000000000000000000000000000000000000000000000000000000000000000000000000000000000000000000000000000000000000000000000000000000000000000000000000000000000000000000000000000000000000000000000000000000000000000000000000000000000000000000000000000010000000000000000
000000000000000000000000000000000000000000000000000000000000000000000000000000000000000000000000000000000000000000000000000000000000000000000000000000000000000000000000000000000000000000000000000000000000000000000000000000000000000000000000000000000000000000000000000000000000000000000000000000000000000000000000000000010000000000000000
000000000000000000000000000000000000000000000000000000000000000000000000000000000000000000000000000000000000000000000000000000000000000000000000000000000000000000000000000000000000000000000000000000000000000000000000000000000000000000000000000000000000000000000000000000000000000000000000000000000000000000000000000000010000000000000000
000000000000000000000000000000000000000000000000000000000000000000000000000000000000000000000000000000000000000000000000000000000000000000000000000000000000000000000000000000000000000000000000000000000000000000000000000000000000000000000000000000000000000000000000000000000000000000000000000000000000000000000000000000010000000000000000
000000000000000000000000000000000000000000000000000000000000000000000000000000000000000000000000000000000000000000000000000000000000000000000000000000000000000000000000000000000000000000000000000000000000000000000000000000000000000000000000000000000000000000000000000000000000000000000000000000000000000000000000000000010000000000000000
000000000000000000000000000000000000000000000000000000000000000000000000000000000000000000000000000000000000000000000000000000000000000000000000000000000000000000000000000000000000000000000000000000000000000000000000000000000000000000000000000000000000000000000000000000000000000000000000000000000000000000000000000000010000000000000000
000000000000000000000000000000000000000000000000000000000000000000000000000000000000000000000000000000000000000000000000000000000000000000000000000000000000000000000000000000000000000000000000000000000000000000000000000000000000000000000000000000000000000000000000000000000000000000000000000000000000000000000000000000010000000000000000
000000000000000000000000000000000000000000000000000000000000000000000000000000000000000000000000000000000000000000000000000000000000000000000000000000000000000000000000000000000000000000000000000000000000000000000000000000000000000000000000000000000000000000000000000000000000000000000000000000000000000000000000000000010000000000000000
000000000000000000000000000000000000000000000000000000000000000000000000000000000000000000000000000000000000000000000000000000000000000000000000000000000000000000000000000000000000000000000000000000000000000000000000000000000000000000000000000000000000000000000000000000000000000000000000000000000000000000000000000000010000000000000000
001001011000111010010011000010011010001010001010000011101010101000101110100100001100101010101010000111010100011010101010101110001101010101101010101000101010110101000010100100101010011001010101000011001010001001100010000101011010101110001110101001010101100100000000000000000000000111111111000000011111111100000000000000000000000001011000
100100010010110010110110101010010101110001001001001010101010010111111111100101101001101001111011100011100100100100100110101101101000010010010000110011110110101101110001011110000100001010000100101100101100110100101010011110110110011001100100110001000000000100000000000000000000000111111111000000011111111100000000000000000000000001011001
110000111000111010101010101100001010001101001001000111010010101000101100011000000100101011010010110101100100011010101110101000010100010110101000011010111001010101010010011011101010010101010101011110100000101011000101010101000101101011011101010101010001010000000000000000000000000111111111000000011111111100000000000000000000000001011010
010111111000010011010100001010100110101010000101011010010100010010001001010101001001110100001011011011110100101001111000101000101000101010110010101011011010011100001011101000101010101110001001100001011100011000011001010101010001010000000101011101010101010100000000000000000000000111111111000000011111111100000000000000000000000001011011
001100000110011110100010010100000011011011110000001101000110000000001101010000001100101011101011110100011010001010100000101101110101111010101100011010111011010001001010001011111011001001010001001111011010111100101101010101010110100010110011000001110101010000000000000000000000000111111111000000011111111100000000000000000000000001011100
101010101110110010101011010100101010111001001010110010111010101011001110101000001010101010100111110010100010101000101001000101011101000000010101010101100101010101001101010111000001010101010110010100010000010111011011001010110100010101011111010000101011010100000000000000000000000111111111000000011111111100000000000000000000000001011101
101010101010111010001010000010101000011001101011101111011010100001010101001000100101001011010101110101010100010111000101010001010101001101011001100100100101010100010110000101011011010101010101011100000011111010100001100110111111101010000000000101011000101000000000000000000000000111111111000000011111111100000000000000000000000001011110
101101010001001010000101010101010101111011110001010101010101010100010011000100010101010000111100011101100101010110101001101011010011100010101011001100101101011010101010101000101011110111000110101000001100010011010011000010000000111000000000000100001010101000000000000000000000000111111111000000011111111100000000000000000000000001011111
111000010011001010101000101101010101001010101111111010110101010100111010111000100010010101010111101101001101001101000101111101010101010100110101000100011111010101011010010000100010010110101010101000001110001001111010101100000001001010011111101010101110101000000000000000000000000111111111000000011111111100000000000000000000000001100000
001010101001000101000011101010101010101111101011111010101000101110101100110111010001010101011010010010011101000101010100101100001110010101010101011010110000101101001101010101101100100001110101010101010010111001001101010101010101101000101100111110111101001100000000000000000000000111111111000000011111111100000000000000000000000000000000
101010100100010100011110001000101000010011011101011101101111100000111101010111101101001000101010110111011011010101011010101010011101001001010100101010110011101111110101010000101001010111000110010101000101110111011100111010101111011001000101110000101010000100000000000000000000000111111111000000011111111100000000000000000000000000000001
101010100010001100000101101010101010101010100100100010101010101010101010101111101010101010101010101010010010101010100001001010101111001010101101010101011000111111101010100100010001001100001000010101010101000001010010111001010101010110100001101110100101110100000000000000000000000111111111000000011111111100000000000000000000000000000010
100111100010000101100000100100101010110010110111101010100000101101001010001100101010010000110101001011010000000101110001010100000101010100110100100101011101011110001101010110010110100100001110010101010101101010101000000101010001010110101010101100100100000100000000000000000000000111111111000000011111111100000000000000000000000000000011
100000011010101010010000101000101001001110110011010000100001000100000010100000111010100101101001101110111001110111010010101000101010001010001101001000110101011110101111010110110110110101110110110101001010000001010111111011010100101001010101011100101101010000000000000000000000000111111111000000011111111100000000000000000000000000000100
101100100000101000111011101010001111010010100100110110001001100101101100100111010101010100000001001010111001010101011101100000101101100101010101001010110000101001110101000010101010000111101111010110101010101100001101011101010001101001000101110000110011010000000000000000000000000111111111000000011111111100000000000000000000000000000101
000100010100101000011111000010001001000101001001011000011000000101011001100100001011110100110101010110100101010101010001010101010110111010110101001011010101001001110101010010101001010100110111010100001010101000011110011101000001101010101010000011110110100000000000000000000000000111111111000000011111111100000000000000000000000000000110
101010100011100100100010001001101010000010100110011010100010101001001010101010100100100010100101011010111011010000001010010101001011001101011100000101010100100010010101100100110101010010011101010100101101010100010011100101010101010101001000001011010110010000000000000000000000000111111111000000011111111100000000000000000000000000000111
001010101010101000001011101010111010101011000110101100000010110011101110011101010000100011010000010011010000001010010101001001010111000010101101110110000100000110101101001101011010101110000000000101110100101010001011010001010101011010010001001101000101010100000000000000000000000111111111000000011111111100000000000000000000000000001000
001001011110010100000001101010010101001000000001110111101000010110010001001101010101101101001001010101100101001110110100100101010000010101010001110010100101000101010101000100111010100010100101010001101011101010110101110101011101010100101011011001111101010000000000000000000000000111111111000000011111111100000000000000000000000000001001
101001011010101011101010101011110010001010001110101000100000001010010010101110101000000001100101010011111010101011010010010101001101101010110101001001110101100010100100011110100101010100101101010100011010010101010010011101011010101101010101101001010100101000000000000000000000000111111111000000011111111100000000000000000000000010001010
100101010111011110110000001111101111010100101110111010001010101010011010011111011000101110100101000011010001010010001010010011000101100110000010101001010101101010010010101010100101010001101101011010101011010111111110000101001010101001011110000101110100110000000000000000000000000111111111000000011111111100000000000000000000000010001011
010100010101010001101111010000111101010101101100100100011100011011010101110100001000010100101010100100010010101001100010101000110111111110010000101010100001101010011001101010101000010010001001000000101010110101000101101000101110101001010100011101010000110000000000000000000000000111111111000000011111111100000000000000000000000010001100
001010001011101001000110011100100100010000101011111000100001010110101110100010100010101001010010101001110110001000100100001010101011101011101011010100101010111110100110100001011010101011010100010100110100101010001110111101010111010010010101100001010101010100000000000000000000000111111111000000011111111100000000000000000000000010001101
010101001110011001011101011101010101110101111111100100110101000010000100110111001001101010001110011101011010001110101011101011010011101100101010110110101010011110001010101110000101001011010000101010111101100110100011101010100001010101011010101011001010110100000000000000000000000111111111000000011111111100000000000000000000000010001110
111100011011001001000101010101111101011010100101110101001011000101001010000001010100101001010101010111100101011000000001010101010111010101000010000101010101001101010101011011101101010100110111010100111010100101010111000101010100101010100111011100101110000000000000000000000000000111111111000000011111111100000000000000000000000010001111
010101110111010010110011110000011011110010011011000111010110011010011101100111101101001000101010111000101011010010100010101010101001101001001010001010010010111110010100101000101000001101000001010101101010110101001010001000010101101001010101010101110111110100000000000000000000000111111111000000011111111100000000000000000000000010010000
000111110111110001111100011111100100000110000101110000001101000001000011010001110000010110010010100100010111101001011001010010100010010001100101110101001010011001011000010100110111101001101110101001011001010000111001010010010101010101001010100001001000010100000000000000000000000111111111000000011111111100000000000000000000000010010001
100010011001010101010010101010101110100101011111101001001000001010110101011110101100000100101001010101011010010101001000110101010100000101010100000001010101011001010101010000110101010010010101010110111001010101101011010110000100010101001010101011011010110100000000000000000000000111111111000000011111111100000000000000000000000010010010
100110110001010101111000010001011010101000010100010010100011101010101010010111101000101010101010101000100010010110100100101010101101101100000111010100101010110111110111110001010100001011011011010011111110010101111010111010010010110001010101101100101010000000000000000000000000000111111111000000011111111100000000000000000000000010010011
101010100101001010110101100110101001110000101110111100101010100001011100110101010000100101110111010000100001010000110110101001111101001010010101011000011110110000101000010100101111111010110010101001011010010100101100111110110100010101001010001111001000001100000000000000000000000111111111000000011111111100000000000000000000000010010100
000000000000000000000000000000000000000000000000000000000000000000000000000000000000000000000000000000000000000000000000000000000000000000000000000000000000000000000000000000000000000000000000000000000000000000000000000000000000000000000000000000000000000000000000000000000000000000000000000000000000000000000000000000010000000000000000
000000000000000000000000000000000000000000000000000000000000000000000000000000000000000000000000000000000000000000000000000000000000000000000000000000000000000000000000000000000000000000000000000000000000000000000000000000000000000000000000000000000000000000000000000000000000000000000000000000000000000000000000000000010000000000000000